# couleur de fond blanche
fond 1.0 1.0 1.O
# intensite de la source ambiante
ambiant 1.0 1.0 1.0
# source blanche
source  -2 2 0  2.0 2.0 2.0
# source blanche
source  4 5 0  2.0 2.0 2.0
# plan horizontal bleu 
materiau 0.2 0.2 0.98  0.3 0.5 0.7 10
plan 0 1 0 0.5

# tête de singe blender
materiau 0.2 0.6 0.3  0.2 0.5 0.5 100
tri 0.46875 0.742188 -1.24219 0.4375 0.664062 -1.23438 0.5 0.59375 -1.3125
tri 0.46875 0.742188 -1.24219 0.5 0.59375 -1.3125 0.5625 0.742188 -1.32812
tri -0.5 0.59375 -1.3125 -0.4375 0.664062 -1.23438 -0.46875 0.742188 -1.24219
tri -0.5 0.59375 -1.3125 -0.46875 0.742188 -1.24219 -0.5625 0.742188 -1.32812
tri 0.5625 0.742188 -1.32812 0.5 0.59375 -1.3125 0.546875 0.554688 -1.42188
tri 0.5625 0.742188 -1.32812 0.546875 0.554688 -1.42188 0.625 0.742188 -1.4375
tri -0.546875 0.554688 -1.42188 -0.5 0.59375 -1.3125 -0.5625 0.742188 -1.32812
tri -0.546875 0.554688 -1.42188 -0.5625 0.742188 -1.32812 -0.625 0.742188 -1.4375
tri 0.5 0.59375 -1.3125 0.351562 0.53125 -1.28125 0.351562 0.476562 -1.38281
tri 0.5 0.59375 -1.3125 0.351562 0.476562 -1.38281 0.546875 0.554688 -1.42188
tri -0.351562 0.476562 -1.38281 -0.351562 0.53125 -1.28125 -0.5 0.59375 -1.3125
tri -0.351562 0.476562 -1.38281 -0.5 0.59375 -1.3125 -0.546875 0.554688 -1.42188
tri 0.4375 0.664062 -1.23438 0.351562 0.632812 -1.21875 0.351562 0.53125 -1.28125
tri 0.4375 0.664062 -1.23438 0.351562 0.53125 -1.28125 0.5 0.59375 -1.3125
tri -0.351562 0.53125 -1.28125 -0.351562 0.632812 -1.21875 -0.4375 0.664062 -1.23438
tri -0.351562 0.53125 -1.28125 -0.4375 0.664062 -1.23438 -0.5 0.59375 -1.3125
tri 0.351562 0.632812 -1.21875 0.273438 0.664062 -1.20312 0.203125 0.59375 -1.25781
tri 0.351562 0.632812 -1.21875 0.203125 0.59375 -1.25781 0.351562 0.53125 -1.28125
tri -0.203125 0.59375 -1.25781 -0.273438 0.664062 -1.20312 -0.351562 0.632812 -1.21875
tri -0.203125 0.59375 -1.25781 -0.351562 0.632812 -1.21875 -0.351562 0.53125 -1.28125
tri 0.351562 0.53125 -1.28125 0.203125 0.59375 -1.25781 0.15625 0.554688 -1.35156
tri 0.351562 0.53125 -1.28125 0.15625 0.554688 -1.35156 0.351562 0.476562 -1.38281
tri -0.15625 0.554688 -1.35156 -0.203125 0.59375 -1.25781 -0.351562 0.53125 -1.28125
tri -0.15625 0.554688 -1.35156 -0.351562 0.53125 -1.28125 -0.351562 0.476562 -1.38281
tri 0.203125 0.59375 -1.25781 0.140625 0.742188 -1.25781 0.078125 0.742188 -1.34375
tri 0.203125 0.59375 -1.25781 0.078125 0.742188 -1.34375 0.15625 0.554688 -1.35156
tri -0.078125 0.742188 -1.34375 -0.140625 0.742188 -1.25781 -0.203125 0.59375 -1.25781
tri -0.078125 0.742188 -1.34375 -0.203125 0.59375 -1.25781 -0.15625 0.554688 -1.35156
tri 0.273438 0.664062 -1.20312 0.242188 0.742188 -1.20312 0.140625 0.742188 -1.25781
tri 0.273438 0.664062 -1.20312 0.140625 0.742188 -1.25781 0.203125 0.59375 -1.25781
tri -0.140625 0.742188 -1.25781 -0.242188 0.742188 -1.20312 -0.273438 0.664062 -1.20312
tri -0.140625 0.742188 -1.25781 -0.273438 0.664062 -1.20312 -0.203125 0.59375 -1.25781
tri 0.242188 0.742188 -1.20312 0.273438 0.828125 -1.20312 0.203125 0.890625 -1.25781
tri 0.242188 0.742188 -1.20312 0.203125 0.890625 -1.25781 0.140625 0.742188 -1.25781
tri -0.203125 0.890625 -1.25781 -0.273438 0.828125 -1.20312 -0.242188 0.742188 -1.20312
tri -0.203125 0.890625 -1.25781 -0.242188 0.742188 -1.20312 -0.140625 0.742188 -1.25781
tri 0.140625 0.742188 -1.25781 0.203125 0.890625 -1.25781 0.15625 0.9375 -1.35156
tri 0.140625 0.742188 -1.25781 0.15625 0.9375 -1.35156 0.078125 0.742188 -1.34375
tri -0.15625 0.9375 -1.35156 -0.203125 0.890625 -1.25781 -0.140625 0.742188 -1.25781
tri -0.15625 0.9375 -1.35156 -0.140625 0.742188 -1.25781 -0.078125 0.742188 -1.34375
tri 0.203125 0.890625 -1.25781 0.351562 0.953125 -1.28125 0.351562 1.01562 -1.38281
tri 0.203125 0.890625 -1.25781 0.351562 1.01562 -1.38281 0.15625 0.9375 -1.35156
tri -0.351562 1.01562 -1.38281 -0.351562 0.953125 -1.28125 -0.203125 0.890625 -1.25781
tri -0.351562 1.01562 -1.38281 -0.203125 0.890625 -1.25781 -0.15625 0.9375 -1.35156
tri 0.273438 0.828125 -1.20312 0.351562 0.859375 -1.21875 0.351562 0.953125 -1.28125
tri 0.273438 0.828125 -1.20312 0.351562 0.953125 -1.28125 0.203125 0.890625 -1.25781
tri -0.351562 0.953125 -1.28125 -0.351562 0.859375 -1.21875 -0.273438 0.828125 -1.20312
tri -0.351562 0.953125 -1.28125 -0.273438 0.828125 -1.20312 -0.203125 0.890625 -1.25781
tri 0.351562 0.859375 -1.21875 0.4375 0.828125 -1.23438 0.5 0.890625 -1.3125
tri 0.351562 0.859375 -1.21875 0.5 0.890625 -1.3125 0.351562 0.953125 -1.28125
tri -0.5 0.890625 -1.3125 -0.4375 0.828125 -1.23438 -0.351562 0.859375 -1.21875
tri -0.5 0.890625 -1.3125 -0.351562 0.859375 -1.21875 -0.351562 0.953125 -1.28125
tri 0.351562 0.953125 -1.28125 0.5 0.890625 -1.3125 0.546875 0.9375 -1.42188
tri 0.351562 0.953125 -1.28125 0.546875 0.9375 -1.42188 0.351562 1.01562 -1.38281
tri -0.546875 0.9375 -1.42188 -0.5 0.890625 -1.3125 -0.351562 0.953125 -1.28125
tri -0.546875 0.9375 -1.42188 -0.351562 0.953125 -1.28125 -0.351562 1.01562 -1.38281
tri 0.5 0.890625 -1.3125 0.5625 0.742188 -1.32812 0.625 0.742188 -1.4375
tri 0.5 0.890625 -1.3125 0.625 0.742188 -1.4375 0.546875 0.9375 -1.42188
tri -0.625 0.742188 -1.4375 -0.5625 0.742188 -1.32812 -0.5 0.890625 -1.3125
tri -0.625 0.742188 -1.4375 -0.5 0.890625 -1.3125 -0.546875 0.9375 -1.42188
tri 0.4375 0.828125 -1.23438 0.46875 0.742188 -1.24219 0.5625 0.742188 -1.32812
tri 0.4375 0.828125 -1.23438 0.5625 0.742188 -1.32812 0.5 0.890625 -1.3125
tri -0.5625 0.742188 -1.32812 -0.46875 0.742188 -1.24219 -0.4375 0.828125 -1.23438
tri -0.5625 0.742188 -1.32812 -0.4375 0.828125 -1.23438 -0.5 0.890625 -1.3125
tri 0.46875 0.742188 -1.24219 0.4375 0.828125 -1.23438 0.445312 0.835938 -1.21875
tri 0.46875 0.742188 -1.24219 0.445312 0.835938 -1.21875 0.476562 0.742188 -1.22656
tri -0.445312 0.835938 -1.21875 -0.4375 0.828125 -1.23438 -0.46875 0.742188 -1.24219
tri -0.445312 0.835938 -1.21875 -0.46875 0.742188 -1.24219 -0.476562 0.742188 -1.22656
tri 0.4375 0.828125 -1.23438 0.351562 0.859375 -1.21875 0.351562 0.875 -1.19531
tri 0.4375 0.828125 -1.23438 0.351562 0.875 -1.19531 0.445312 0.835938 -1.21875
tri -0.351562 0.875 -1.19531 -0.351562 0.859375 -1.21875 -0.4375 0.828125 -1.23438
tri -0.351562 0.875 -1.19531 -0.4375 0.828125 -1.23438 -0.445312 0.835938 -1.21875
tri 0.351562 0.859375 -1.21875 0.273438 0.828125 -1.20312 0.265625 0.835938 -1.17969
tri 0.351562 0.859375 -1.21875 0.265625 0.835938 -1.17969 0.351562 0.875 -1.19531
tri -0.265625 0.835938 -1.17969 -0.273438 0.828125 -1.20312 -0.351562 0.859375 -1.21875
tri -0.265625 0.835938 -1.17969 -0.351562 0.859375 -1.21875 -0.351562 0.875 -1.19531
tri 0.273438 0.828125 -1.20312 0.242188 0.742188 -1.20312 0.226562 0.742188 -1.17969
tri 0.273438 0.828125 -1.20312 0.226562 0.742188 -1.17969 0.265625 0.835938 -1.17969
tri -0.226562 0.742188 -1.17969 -0.242188 0.742188 -1.20312 -0.273438 0.828125 -1.20312
tri -0.226562 0.742188 -1.17969 -0.273438 0.828125 -1.20312 -0.265625 0.835938 -1.17969
tri 0.242188 0.742188 -1.20312 0.273438 0.664062 -1.20312 0.265625 0.65625 -1.17969
tri 0.242188 0.742188 -1.20312 0.265625 0.65625 -1.17969 0.226562 0.742188 -1.17969
tri -0.265625 0.65625 -1.17969 -0.273438 0.664062 -1.20312 -0.242188 0.742188 -1.20312
tri -0.265625 0.65625 -1.17969 -0.242188 0.742188 -1.20312 -0.226562 0.742188 -1.17969
tri 0.273438 0.664062 -1.20312 0.351562 0.632812 -1.21875 0.351562 0.617188 -1.19531
tri 0.273438 0.664062 -1.20312 0.351562 0.617188 -1.19531 0.265625 0.65625 -1.17969
tri -0.351562 0.617188 -1.19531 -0.351562 0.632812 -1.21875 -0.273438 0.664062 -1.20312
tri -0.351562 0.617188 -1.19531 -0.273438 0.664062 -1.20312 -0.265625 0.65625 -1.17969
tri 0.351562 0.632812 -1.21875 0.4375 0.664062 -1.23438 0.445312 0.65625 -1.21875
tri 0.351562 0.632812 -1.21875 0.445312 0.65625 -1.21875 0.351562 0.617188 -1.19531
tri -0.445312 0.65625 -1.21875 -0.4375 0.664062 -1.23438 -0.351562 0.632812 -1.21875
tri -0.445312 0.65625 -1.21875 -0.351562 0.632812 -1.21875 -0.351562 0.617188 -1.19531
tri 0.4375 0.664062 -1.23438 0.46875 0.742188 -1.24219 0.476562 0.742188 -1.22656
tri 0.4375 0.664062 -1.23438 0.476562 0.742188 -1.22656 0.445312 0.65625 -1.21875
tri -0.476562 0.742188 -1.22656 -0.46875 0.742188 -1.24219 -0.4375 0.664062 -1.23438
tri -0.476562 0.742188 -1.22656 -0.4375 0.664062 -1.23438 -0.445312 0.65625 -1.21875
tri 0.351562 0.742188 -1.17188 0.445312 0.65625 -1.21875 0.476562 0.742188 -1.22656
tri -0.476562 0.742188 -1.22656 -0.445312 0.65625 -1.21875 -0.351562 0.742188 -1.17188
tri 0.351562 0.617188 -1.19531 0.445312 0.65625 -1.21875 0.351562 0.742188 -1.17188
tri -0.351562 0.742188 -1.17188 -0.445312 0.65625 -1.21875 -0.351562 0.617188 -1.19531
tri 0.351562 0.742188 -1.17188 0.265625 0.65625 -1.17969 0.351562 0.617188 -1.19531
tri -0.351562 0.617188 -1.19531 -0.265625 0.65625 -1.17969 -0.351562 0.742188 -1.17188
tri 0.351562 0.742188 -1.17188 0.226562 0.742188 -1.17969 0.265625 0.65625 -1.17969
tri -0.265625 0.65625 -1.17969 -0.226562 0.742188 -1.17969 -0.351562 0.742188 -1.17188
tri 0.351562 0.742188 -1.17188 0.265625 0.835938 -1.17969 0.226562 0.742188 -1.17969
tri -0.226562 0.742188 -1.17969 -0.265625 0.835938 -1.17969 -0.351562 0.742188 -1.17188
tri 0.351562 0.742188 -1.17188 0.351562 0.875 -1.19531 0.265625 0.835938 -1.17969
tri -0.265625 0.835938 -1.17969 -0.351562 0.875 -1.19531 -0.351562 0.742188 -1.17188
tri 0.351562 0.742188 -1.17188 0.445312 0.835938 -1.21875 0.351562 0.875 -1.19531
tri -0.351562 0.875 -1.19531 -0.445312 0.835938 -1.21875 -0.351562 0.742188 -1.17188
tri 0.351562 0.742188 -1.17188 0.476562 0.742188 -1.22656 0.445312 0.835938 -1.21875
tri -0.445312 0.835938 -1.21875 -0.476562 0.742188 -1.22656 -0.351562 0.742188 -1.17188
tri 0.179688 -0.46875 -1.44531 0.164062 -0.429688 -1.36719 0 -0.445312 -1.35938
tri 0.179688 -0.46875 -1.44531 0 -0.445312 -1.35938 0 -0.484375 -1.42188
tri 0 -0.445312 -1.35938 -0.164062 -0.429688 -1.36719 -0.179688 -0.46875 -1.44531
tri 0 -0.445312 -1.35938 -0.179688 -0.46875 -1.44531 0 -0.484375 -1.42188
tri 0.328125 -0.445312 -1.47656 0.234375 -0.414062 -1.36719 0.164062 -0.429688 -1.36719
tri 0.328125 -0.445312 -1.47656 0.164062 -0.429688 -1.36719 0.179688 -0.46875 -1.44531
tri -0.164062 -0.429688 -1.36719 -0.234375 -0.414062 -1.36719 -0.328125 -0.445312 -1.47656
tri -0.164062 -0.429688 -1.36719 -0.328125 -0.445312 -1.47656 -0.179688 -0.46875 -1.44531
tri 0.367188 -0.390625 -1.46875 0.265625 -0.320312 -1.33594 0.234375 -0.414062 -1.36719
tri 0.367188 -0.390625 -1.46875 0.234375 -0.414062 -1.36719 0.328125 -0.445312 -1.47656
tri -0.234375 -0.414062 -1.36719 -0.265625 -0.320312 -1.33594 -0.367188 -0.390625 -1.46875
tri -0.234375 -0.414062 -1.36719 -0.367188 -0.390625 -1.46875 -0.328125 -0.445312 -1.47656
tri 0.351562 -0.195312 -1.42969 0.25 -0.203125 -1.3125 0.265625 -0.320312 -1.33594
tri 0.351562 -0.195312 -1.42969 0.265625 -0.320312 -1.33594 0.367188 -0.390625 -1.46875
tri -0.265625 -0.320312 -1.33594 -0.25 -0.203125 -1.3125 -0.351562 -0.195312 -1.42969
tri -0.265625 -0.320312 -1.33594 -0.351562 -0.195312 -1.42969 -0.367188 -0.390625 -1.46875
tri 0.3125 0.0625 -1.42969 0.210938 0.054688 -1.28906 0.25 -0.203125 -1.3125
tri 0.3125 0.0625 -1.42969 0.25 -0.203125 -1.3125 0.351562 -0.195312 -1.42969
tri -0.25 -0.203125 -1.3125 -0.210938 0.054688 -1.28906 -0.3125 0.0625 -1.42969
tri -0.25 -0.203125 -1.3125 -0.3125 0.0625 -1.42969 -0.351562 -0.195312 -1.42969
tri 0.203125 0.3125 -1.4375 0.4375 0.359375 -1.46875 0.398438 0.453125 -1.32812
tri 0.203125 0.3125 -1.4375 0.398438 0.453125 -1.32812 0.125 0.398438 -1.1875
tri -0.398438 0.453125 -1.32812 -0.4375 0.359375 -1.46875 -0.203125 0.3125 -1.4375
tri -0.398438 0.453125 -1.32812 -0.203125 0.3125 -1.4375 -0.125 0.398438 -1.1875
tri 0.4375 0.359375 -1.46875 0.632812 0.460938 -1.46094 0.617188 0.554688 -1.375
tri 0.4375 0.359375 -1.46875 0.617188 0.554688 -1.375 0.398438 0.453125 -1.32812
tri -0.617188 0.554688 -1.375 -0.632812 0.460938 -1.46094 -0.4375 0.359375 -1.46875
tri -0.617188 0.554688 -1.375 -0.4375 0.359375 -1.46875 -0.398438 0.453125 -1.32812
tri 0.632812 0.460938 -1.46094 0.828125 0.648438 -1.55469 0.726562 0.703125 -1.39844
tri 0.632812 0.460938 -1.46094 0.726562 0.703125 -1.39844 0.617188 0.554688 -1.375
tri -0.726562 0.703125 -1.39844 -0.828125 0.648438 -1.55469 -0.632812 0.460938 -1.46094
tri -0.726562 0.703125 -1.39844 -0.632812 0.460938 -1.46094 -0.617188 0.554688 -1.375
tri 0.828125 0.648438 -1.55469 0.859375 0.929688 -1.40625 0.742188 0.875 -1.34375
tri 0.828125 0.648438 -1.55469 0.742188 0.875 -1.34375 0.726562 0.703125 -1.39844
tri -0.742188 0.875 -1.34375 -0.859375 0.929688 -1.40625 -0.828125 0.648438 -1.55469
tri -0.742188 0.875 -1.34375 -0.828125 0.648438 -1.55469 -0.726562 0.703125 -1.39844
tri 0.859375 0.929688 -1.40625 0.710938 0.984375 -1.375 0.6875 0.914062 -1.27344
tri 0.859375 0.929688 -1.40625 0.6875 0.914062 -1.27344 0.742188 0.875 -1.34375
tri -0.6875 0.914062 -1.27344 -0.710938 0.984375 -1.375 -0.859375 0.929688 -1.40625
tri -0.6875 0.914062 -1.27344 -0.859375 0.929688 -1.40625 -0.742188 0.875 -1.34375
tri 0.710938 0.984375 -1.375 0.492188 1.10156 -1.3125 0.4375 1.04688 -1.20312
tri 0.710938 0.984375 -1.375 0.4375 1.04688 -1.20312 0.6875 0.914062 -1.27344
tri -0.4375 1.04688 -1.20312 -0.492188 1.10156 -1.3125 -0.710938 0.984375 -1.375
tri -0.4375 1.04688 -1.20312 -0.710938 0.984375 -1.375 -0.6875 0.914062 -1.27344
tri 0.492188 1.10156 -1.3125 0.320312 1.25781 -1.26562 0.3125 1.14062 -1.16406
tri 0.492188 1.10156 -1.3125 0.3125 1.14062 -1.16406 0.4375 1.04688 -1.20312
tri -0.3125 1.14062 -1.16406 -0.320312 1.25781 -1.26562 -0.492188 1.10156 -1.3125
tri -0.3125 1.14062 -1.16406 -0.492188 1.10156 -1.3125 -0.4375 1.04688 -1.20312
tri 0.320312 1.25781 -1.26562 0.15625 1.21875 -1.24219 0.203125 1.11719 -1.14844
tri 0.320312 1.25781 -1.26562 0.203125 1.11719 -1.14844 0.3125 1.14062 -1.16406
tri -0.203125 1.11719 -1.14844 -0.15625 1.21875 -1.24219 -0.320312 1.25781 -1.26562
tri -0.203125 1.11719 -1.14844 -0.320312 1.25781 -1.26562 -0.3125 1.14062 -1.16406
tri 0.15625 1.21875 -1.24219 0.0625 0.992188 -1.25 0.101562 0.929688 -1.15625
tri 0.15625 1.21875 -1.24219 0.101562 0.929688 -1.15625 0.203125 1.11719 -1.14844
tri -0.101562 0.929688 -1.15625 -0.0625 0.992188 -1.25 -0.15625 1.21875 -1.24219
tri -0.101562 0.929688 -1.15625 -0.15625 1.21875 -1.24219 -0.203125 1.11719 -1.14844
tri 0.0625 0.992188 -1.25 0 0.929688 -1.25781 0 0.851562 -1.17969
tri 0.0625 0.992188 -1.25 0 0.851562 -1.17969 0.101562 0.929688 -1.15625
tri 0 0.851562 -1.17969 0 0.929688 -1.25781 -0.0625 0.992188 -1.25
tri 0 0.851562 -1.17969 -0.0625 0.992188 -1.25 -0.101562 0.929688 -1.15625
tri 0.164062 0.914062 -1.22656 0.25 0.96875 -1.24219 0.203125 1.11719 -1.14844
tri 0.164062 0.914062 -1.22656 0.203125 1.11719 -1.14844 0.101562 0.929688 -1.15625
tri -0.203125 1.11719 -1.14844 -0.25 0.96875 -1.24219 -0.164062 0.914062 -1.22656
tri -0.203125 1.11719 -1.14844 -0.164062 0.914062 -1.22656 -0.101562 0.929688 -1.15625
tri 0.25 0.96875 -1.24219 0.328125 0.976562 -1.25781 0.3125 1.14062 -1.16406
tri 0.25 0.96875 -1.24219 0.3125 1.14062 -1.16406 0.203125 1.11719 -1.14844
tri -0.3125 1.14062 -1.16406 -0.328125 0.976562 -1.25781 -0.25 0.96875 -1.24219
tri -0.3125 1.14062 -1.16406 -0.25 0.96875 -1.24219 -0.203125 1.11719 -1.14844
tri 0.429688 0.9375 -1.28125 0.4375 1.04688 -1.20312 0.3125 1.14062 -1.16406
tri 0.429688 0.9375 -1.28125 0.3125 1.14062 -1.16406 0.328125 0.976562 -1.25781
tri -0.3125 1.14062 -1.16406 -0.4375 1.04688 -1.20312 -0.429688 0.9375 -1.28125
tri -0.3125 1.14062 -1.16406 -0.429688 0.9375 -1.28125 -0.328125 0.976562 -1.25781
tri 0.601562 0.875 -1.33594 0.6875 0.914062 -1.27344 0.4375 1.04688 -1.20312
tri 0.601562 0.875 -1.33594 0.4375 1.04688 -1.20312 0.429688 0.9375 -1.28125
tri -0.4375 1.04688 -1.20312 -0.6875 0.914062 -1.27344 -0.601562 0.875 -1.33594
tri -0.4375 1.04688 -1.20312 -0.601562 0.875 -1.33594 -0.429688 0.9375 -1.28125
tri 0.640625 0.796875 -1.35156 0.742188 0.875 -1.34375 0.6875 0.914062 -1.27344
tri 0.640625 0.796875 -1.35156 0.6875 0.914062 -1.27344 0.601562 0.875 -1.33594
tri -0.6875 0.914062 -1.27344 -0.742188 0.875 -1.34375 -0.640625 0.796875 -1.35156
tri -0.6875 0.914062 -1.27344 -0.640625 0.796875 -1.35156 -0.601562 0.875 -1.33594
tri 0.625 0.6875 -1.35156 0.726562 0.703125 -1.39844 0.742188 0.875 -1.34375
tri 0.625 0.6875 -1.35156 0.742188 0.875 -1.34375 0.640625 0.796875 -1.35156
tri -0.742188 0.875 -1.34375 -0.726562 0.703125 -1.39844 -0.625 0.6875 -1.35156
tri -0.742188 0.875 -1.34375 -0.625 0.6875 -1.35156 -0.640625 0.796875 -1.35156
tri 0.492188 0.5625 -1.32812 0.617188 0.554688 -1.375 0.726562 0.703125 -1.39844
tri 0.492188 0.5625 -1.32812 0.726562 0.703125 -1.39844 0.625 0.6875 -1.35156
tri -0.726562 0.703125 -1.39844 -0.617188 0.554688 -1.375 -0.492188 0.5625 -1.32812
tri -0.726562 0.703125 -1.39844 -0.492188 0.5625 -1.32812 -0.625 0.6875 -1.35156
tri 0.375 0.515625 -1.29688 0.398438 0.453125 -1.32812 0.617188 0.554688 -1.375
tri 0.375 0.515625 -1.29688 0.617188 0.554688 -1.375 0.492188 0.5625 -1.32812
tri -0.617188 0.554688 -1.375 -0.398438 0.453125 -1.32812 -0.375 0.515625 -1.29688
tri -0.617188 0.554688 -1.375 -0.375 0.515625 -1.29688 -0.492188 0.5625 -1.32812
tri 0.203125 0.59375 -1.25781 0.125 0.398438 -1.1875 0.398438 0.453125 -1.32812
tri 0.203125 0.59375 -1.25781 0.398438 0.453125 -1.32812 0.375 0.515625 -1.29688
tri -0.398438 0.453125 -1.32812 -0.125 0.398438 -1.1875 -0.203125 0.59375 -1.25781
tri -0.398438 0.453125 -1.32812 -0.203125 0.59375 -1.25781 -0.375 0.515625 -1.29688
tri 0.203125 0.59375 -1.25781 0.164062 0.640625 -1.25 0 0.546875 -1.27344
tri 0.203125 0.59375 -1.25781 0 0.546875 -1.27344 0.125 0.398438 -1.1875
tri 0 0.546875 -1.27344 -0.164062 0.640625 -1.25 -0.203125 0.59375 -1.25781
tri 0 0.546875 -1.27344 -0.203125 0.59375 -1.25781 -0.125 0.398438 -1.1875
tri 0.164062 0.914062 -1.22656 0.101562 0.929688 -1.15625 0 0.851562 -1.17969
tri 0.164062 0.914062 -1.22656 0 0.851562 -1.17969 0.125 0.804688 -1.23438
tri 0 0.851562 -1.17969 -0.101562 0.929688 -1.15625 -0.164062 0.914062 -1.22656
tri 0 0.851562 -1.17969 -0.164062 0.914062 -1.22656 -0.125 0.804688 -1.23438
tri 0.125 0.804688 -1.23438 0 0.851562 -1.17969 0 0.710938 -1.23438
tri 0.125 0.804688 -1.23438 0 0.710938 -1.23438 0.132812 0.710938 -1.24219
tri 0 0.710938 -1.23438 0 0.851562 -1.17969 -0.125 0.804688 -1.23438
tri 0 0.710938 -1.23438 -0.125 0.804688 -1.23438 -0.132812 0.710938 -1.24219
tri 0 0.546875 -1.27344 0.164062 0.640625 -1.25 0.132812 0.710938 -1.24219
tri 0 0.546875 -1.27344 0.132812 0.710938 -1.24219 0 0.710938 -1.23438
tri -0.132812 0.710938 -1.24219 -0.164062 0.640625 -1.25 0 0.546875 -1.27344
tri -0.132812 0.710938 -1.24219 0 0.546875 -1.27344 0 0.710938 -1.23438
tri 0.0625 -0.382812 -1.30469 0 -0.390625 -1.3125 0 -0.445312 -1.35938
tri 0.0625 -0.382812 -1.30469 0 -0.445312 -1.35938 0.164062 -0.429688 -1.36719
tri 0 -0.445312 -1.35938 0 -0.390625 -1.3125 -0.0625 -0.382812 -1.30469
tri 0 -0.445312 -1.35938 -0.0625 -0.382812 -1.30469 -0.164062 -0.429688 -1.36719
tri 0.117188 -0.335938 -1.28906 0.0625 -0.382812 -1.30469 0.164062 -0.429688 -1.36719
tri 0.117188 -0.335938 -1.28906 0.164062 -0.429688 -1.36719 0.234375 -0.414062 -1.36719
tri -0.164062 -0.429688 -1.36719 -0.0625 -0.382812 -1.30469 -0.117188 -0.335938 -1.28906
tri -0.164062 -0.429688 -1.36719 -0.117188 -0.335938 -1.28906 -0.234375 -0.414062 -1.36719
tri 0.109375 -0.21875 -1.26562 0.117188 -0.335938 -1.28906 0.234375 -0.414062 -1.36719
tri 0.109375 -0.21875 -1.26562 0.234375 -0.414062 -1.36719 0.265625 -0.320312 -1.33594
tri -0.234375 -0.414062 -1.36719 -0.117188 -0.335938 -1.28906 -0.109375 -0.21875 -1.26562
tri -0.234375 -0.414062 -1.36719 -0.109375 -0.21875 -1.26562 -0.265625 -0.320312 -1.33594
tri 0.210938 0.054688 -1.28906 0.078125 0.054688 -1.25 0.117188 -0.1875 -1.26562
tri 0.210938 0.054688 -1.28906 0.117188 -0.1875 -1.26562 0.25 -0.203125 -1.3125
tri -0.117188 -0.1875 -1.26562 -0.078125 0.054688 -1.25 -0.210938 0.054688 -1.28906
tri -0.117188 -0.1875 -1.26562 -0.210938 0.054688 -1.28906 -0.25 -0.203125 -1.3125
tri 0.109375 -0.21875 -1.26562 0.265625 -0.320312 -1.33594 0.25 -0.203125 -1.3125
tri 0.109375 -0.21875 -1.26562 0.25 -0.203125 -1.3125 0.117188 -0.1875 -1.26562
tri -0.25 -0.203125 -1.3125 -0.265625 -0.320312 -1.33594 -0.109375 -0.21875 -1.26562
tri -0.25 -0.203125 -1.3125 -0.109375 -0.21875 -1.26562 -0.117188 -0.1875 -1.26562
tri 0.085938 0.210938 -1.25781 0 0.171875 -1.25781 0 0.054688 -1.25
tri 0.085938 0.210938 -1.25781 0 0.054688 -1.25 0.078125 0.054688 -1.25
tri 0 0.054688 -1.25 0 0.171875 -1.25781 -0.085938 0.210938 -1.25781
tri 0 0.054688 -1.25 -0.085938 0.210938 -1.25781 -0.078125 0.054688 -1.25
tri 0.117188 -0.1875 -1.26562 0.078125 0.054688 -1.25 0 0.054688 -1.25
tri 0.117188 -0.1875 -1.26562 0 0.054688 -1.25 0 -0.179688 -1.26562
tri 0 0.054688 -1.25 -0.078125 0.054688 -1.25 -0.117188 -0.1875 -1.26562
tri 0 0.054688 -1.25 -0.117188 -0.1875 -1.26562 0 -0.179688 -1.26562
tri 0 -0.265625 -1.26562 0.109375 -0.21875 -1.26562 0.117188 -0.1875 -1.26562
tri 0 -0.265625 -1.26562 0.117188 -0.1875 -1.26562 0 -0.179688 -1.26562
tri -0.117188 -0.1875 -1.26562 -0.109375 -0.21875 -1.26562 0 -0.265625 -1.26562
tri -0.117188 -0.1875 -1.26562 0 -0.265625 -1.26562 0 -0.179688 -1.26562
tri 0.125 0.273438 -1.25 0.132812 0.273438 -1.20312 0.09375 0.226562 -1.21875
tri 0.125 0.273438 -1.25 0.09375 0.226562 -1.21875 0.085938 0.210938 -1.25781
tri -0.09375 0.226562 -1.21875 -0.132812 0.273438 -1.20312 -0.125 0.273438 -1.25
tri -0.09375 0.226562 -1.21875 -0.125 0.273438 -1.25 -0.085938 0.210938 -1.25781
tri 0.101562 0.351562 -1.25781 0.109375 0.367188 -1.21875 0.132812 0.273438 -1.20312
tri 0.101562 0.351562 -1.25781 0.132812 0.273438 -1.20312 0.125 0.273438 -1.25
tri -0.132812 0.273438 -1.20312 -0.109375 0.367188 -1.21875 -0.101562 0.351562 -1.25781
tri -0.132812 0.273438 -1.20312 -0.101562 0.351562 -1.25781 -0.125 0.273438 -1.25
tri 0 0.359375 -1.25781 0.039062 0.375 -1.21875 0.109375 0.367188 -1.21875
tri 0 0.359375 -1.25781 0.109375 0.367188 -1.21875 0.101562 0.351562 -1.25781
tri -0.109375 0.367188 -1.21875 -0.039062 0.375 -1.21875 0 0.359375 -1.25781
tri -0.109375 0.367188 -1.21875 0 0.359375 -1.25781 -0.101562 0.351562 -1.25781
tri 0 0.304688 -1.25 0 0.3125 -1.20312 0.039062 0.375 -1.21875
tri 0 0.304688 -1.25 0.039062 0.375 -1.21875 0 0.359375 -1.25781
tri -0.039062 0.375 -1.21875 0 0.3125 -1.20312 0 0.304688 -1.25
tri -0.039062 0.375 -1.21875 0 0.304688 -1.25 0 0.359375 -1.25781
tri 0 0.171875 -1.25781 0.085938 0.210938 -1.25781 0.09375 0.226562 -1.21875
tri 0 0.171875 -1.25781 0.09375 0.226562 -1.21875 0 0.179688 -1.21875
tri -0.09375 0.226562 -1.21875 -0.085938 0.210938 -1.25781 0 0.171875 -1.25781
tri -0.09375 0.226562 -1.21875 0 0.171875 -1.25781 0 0.179688 -1.21875
tri 0 0.179688 -1.21875 0.09375 0.226562 -1.21875 0.078125 0.25 -1.19531
tri 0 0.179688 -1.21875 0.078125 0.25 -1.19531 0 0.210938 -1.19531
tri -0.078125 0.25 -1.19531 -0.09375 0.226562 -1.21875 0 0.179688 -1.21875
tri -0.078125 0.25 -1.19531 0 0.179688 -1.21875 0 0.210938 -1.19531
tri 0 0.3125 -1.20312 0 0.296875 -1.17188 0.046875 0.351562 -1.1875
tri 0 0.3125 -1.20312 0.046875 0.351562 -1.1875 0.039062 0.375 -1.21875
tri -0.046875 0.351562 -1.1875 0 0.296875 -1.17188 0 0.3125 -1.20312
tri -0.046875 0.351562 -1.1875 0 0.3125 -1.20312 -0.039062 0.375 -1.21875
tri 0.039062 0.375 -1.21875 0.046875 0.351562 -1.1875 0.09375 0.34375 -1.1875
tri 0.039062 0.375 -1.21875 0.09375 0.34375 -1.1875 0.109375 0.367188 -1.21875
tri -0.09375 0.34375 -1.1875 -0.046875 0.351562 -1.1875 -0.039062 0.375 -1.21875
tri -0.09375 0.34375 -1.1875 -0.039062 0.375 -1.21875 -0.109375 0.367188 -1.21875
tri 0.109375 0.367188 -1.21875 0.09375 0.34375 -1.1875 0.109375 0.273438 -1.17188
tri 0.109375 0.367188 -1.21875 0.109375 0.273438 -1.17188 0.132812 0.273438 -1.20312
tri -0.109375 0.273438 -1.17188 -0.09375 0.34375 -1.1875 -0.109375 0.367188 -1.21875
tri -0.109375 0.273438 -1.17188 -0.109375 0.367188 -1.21875 -0.132812 0.273438 -1.20312
tri 0.132812 0.273438 -1.20312 0.109375 0.273438 -1.17188 0.078125 0.25 -1.19531
tri 0.132812 0.273438 -1.20312 0.078125 0.25 -1.19531 0.09375 0.226562 -1.21875
tri -0.078125 0.25 -1.19531 -0.109375 0.273438 -1.17188 -0.132812 0.273438 -1.20312
tri -0.078125 0.25 -1.19531 -0.132812 0.273438 -1.20312 -0.09375 0.226562 -1.21875
tri 0 0.296875 -1.17188 0.109375 0.273438 -1.17188 0.09375 0.34375 -1.1875
tri 0 0.296875 -1.17188 0.09375 0.34375 -1.1875 0.046875 0.351562 -1.1875
tri -0.09375 0.34375 -1.1875 -0.109375 0.273438 -1.17188 0 0.296875 -1.17188
tri -0.09375 0.34375 -1.1875 0 0.296875 -1.17188 -0.046875 0.351562 -1.1875
tri 0 0.296875 -1.17188 0 0.210938 -1.19531 0.078125 0.25 -1.19531
tri 0 0.296875 -1.17188 0.078125 0.25 -1.19531 0.109375 0.273438 -1.17188
tri -0.078125 0.25 -1.19531 0 0.210938 -1.19531 0 0.296875 -1.17188
tri -0.078125 0.25 -1.19531 0 0.296875 -1.17188 -0.109375 0.273438 -1.17188
tri 0 0.359375 -1.25781 0.101562 0.351562 -1.25781 0.125 0.398438 -1.1875
tri 0 0.359375 -1.25781 0.125 0.398438 -1.1875 0 0.546875 -1.27344
tri -0.125 0.398438 -1.1875 -0.101562 0.351562 -1.25781 0 0.359375 -1.25781
tri -0.125 0.398438 -1.1875 0 0.359375 -1.25781 0 0.546875 -1.27344
tri 0.101562 0.351562 -1.25781 0.125 0.273438 -1.25 0.164062 0.257812 -1.28906
tri 0.101562 0.351562 -1.25781 0.164062 0.257812 -1.28906 0.125 0.398438 -1.1875
tri -0.164062 0.257812 -1.28906 -0.125 0.273438 -1.25 -0.101562 0.351562 -1.25781
tri -0.164062 0.257812 -1.28906 -0.101562 0.351562 -1.25781 -0.125 0.398438 -1.1875
tri 0.125 0.273438 -1.25 0.085938 0.210938 -1.25781 0.179688 0.1875 -1.28906
tri 0.125 0.273438 -1.25 0.179688 0.1875 -1.28906 0.164062 0.257812 -1.28906
tri -0.179688 0.1875 -1.28906 -0.085938 0.210938 -1.25781 -0.125 0.273438 -1.25
tri -0.179688 0.1875 -1.28906 -0.125 0.273438 -1.25 -0.164062 0.257812 -1.28906
tri 0.085938 0.210938 -1.25781 0.078125 0.054688 -1.25 0.210938 0.054688 -1.28906
tri 0.085938 0.210938 -1.25781 0.210938 0.054688 -1.28906 0.179688 0.1875 -1.28906
tri -0.210938 0.054688 -1.28906 -0.078125 0.054688 -1.25 -0.085938 0.210938 -1.25781
tri -0.210938 0.054688 -1.28906 -0.085938 0.210938 -1.25781 -0.179688 0.1875 -1.28906
tri 0.3125 0.0625 -1.42969 0.257812 0.1875 -1.44531 0.179688 0.1875 -1.28906
tri 0.3125 0.0625 -1.42969 0.179688 0.1875 -1.28906 0.210938 0.054688 -1.28906
tri -0.179688 0.1875 -1.28906 -0.257812 0.1875 -1.44531 -0.3125 0.0625 -1.42969
tri -0.179688 0.1875 -1.28906 -0.3125 0.0625 -1.42969 -0.210938 0.054688 -1.28906
tri 0.257812 0.1875 -1.44531 0.234375 0.25 -1.44531 0.164062 0.257812 -1.28906
tri 0.257812 0.1875 -1.44531 0.164062 0.257812 -1.28906 0.179688 0.1875 -1.28906
tri -0.164062 0.257812 -1.28906 -0.234375 0.25 -1.44531 -0.257812 0.1875 -1.44531
tri -0.164062 0.257812 -1.28906 -0.257812 0.1875 -1.44531 -0.179688 0.1875 -1.28906
tri 0.203125 0.3125 -1.4375 0.125 0.398438 -1.1875 0.164062 0.257812 -1.28906
tri 0.203125 0.3125 -1.4375 0.164062 0.257812 -1.28906 0.234375 0.25 -1.44531
tri -0.164062 0.257812 -1.28906 -0.125 0.398438 -1.1875 -0.203125 0.3125 -1.4375
tri -0.164062 0.257812 -1.28906 -0.203125 0.3125 -1.4375 -0.234375 0.25 -1.44531
tri 0.109375 -0.21875 -1.26562 0 -0.265625 -1.26562 0 -0.273438 -1.28125
tri 0.109375 -0.21875 -1.26562 0 -0.273438 -1.28125 0.09375 -0.242188 -1.27344
tri 0 -0.273438 -1.28125 0 -0.265625 -1.26562 -0.109375 -0.21875 -1.26562
tri 0 -0.273438 -1.28125 -0.109375 -0.21875 -1.26562 -0.09375 -0.242188 -1.27344
tri 0.117188 -0.335938 -1.28906 0.109375 -0.21875 -1.26562 0.09375 -0.242188 -1.27344
tri 0.117188 -0.335938 -1.28906 0.09375 -0.242188 -1.27344 0.09375 -0.320312 -1.28906
tri -0.09375 -0.242188 -1.27344 -0.109375 -0.21875 -1.26562 -0.117188 -0.335938 -1.28906
tri -0.09375 -0.242188 -1.27344 -0.117188 -0.335938 -1.28906 -0.09375 -0.320312 -1.28906
tri 0.0625 -0.382812 -1.30469 0.117188 -0.335938 -1.28906 0.09375 -0.320312 -1.28906
tri 0.0625 -0.382812 -1.30469 0.09375 -0.320312 -1.28906 0.046875 -0.367188 -1.3125
tri -0.09375 -0.320312 -1.28906 -0.117188 -0.335938 -1.28906 -0.0625 -0.382812 -1.30469
tri -0.09375 -0.320312 -1.28906 -0.0625 -0.382812 -1.30469 -0.046875 -0.367188 -1.3125
tri 0 -0.390625 -1.3125 0.0625 -0.382812 -1.30469 0.046875 -0.367188 -1.3125
tri 0 -0.390625 -1.3125 0.046875 -0.367188 -1.3125 0 -0.375 -1.3125
tri -0.046875 -0.367188 -1.3125 -0.0625 -0.382812 -1.30469 0 -0.390625 -1.3125
tri -0.046875 -0.367188 -1.3125 0 -0.390625 -1.3125 0 -0.375 -1.3125
tri 0 -0.375 -1.3125 0.046875 -0.367188 -1.3125 0.046875 -0.351562 -1.36719
tri 0 -0.375 -1.3125 0.046875 -0.351562 -1.36719 0 -0.359375 -1.36719
tri -0.046875 -0.351562 -1.36719 -0.046875 -0.367188 -1.3125 0 -0.375 -1.3125
tri -0.046875 -0.351562 -1.36719 0 -0.375 -1.3125 0 -0.359375 -1.36719
tri 0.046875 -0.367188 -1.3125 0.09375 -0.320312 -1.28906 0.09375 -0.3125 -1.35938
tri 0.046875 -0.367188 -1.3125 0.09375 -0.3125 -1.35938 0.046875 -0.351562 -1.36719
tri -0.09375 -0.3125 -1.35938 -0.09375 -0.320312 -1.28906 -0.046875 -0.367188 -1.3125
tri -0.09375 -0.3125 -1.35938 -0.046875 -0.367188 -1.3125 -0.046875 -0.351562 -1.36719
tri 0.09375 -0.320312 -1.28906 0.09375 -0.242188 -1.27344 0.09375 -0.25 -1.33594
tri 0.09375 -0.320312 -1.28906 0.09375 -0.25 -1.33594 0.09375 -0.3125 -1.35938
tri -0.09375 -0.25 -1.33594 -0.09375 -0.242188 -1.27344 -0.09375 -0.320312 -1.28906
tri -0.09375 -0.25 -1.33594 -0.09375 -0.320312 -1.28906 -0.09375 -0.3125 -1.35938
tri 0.09375 -0.242188 -1.27344 0 -0.273438 -1.28125 0 -0.28125 -1.34375
tri 0.09375 -0.242188 -1.27344 0 -0.28125 -1.34375 0.09375 -0.25 -1.33594
tri 0 -0.28125 -1.34375 0 -0.273438 -1.28125 -0.09375 -0.242188 -1.27344
tri 0 -0.28125 -1.34375 -0.09375 -0.242188 -1.27344 -0.09375 -0.25 -1.33594
tri 0 -0.28125 -1.34375 0 -0.359375 -1.36719 0.046875 -0.351562 -1.36719
tri 0 -0.28125 -1.34375 0.046875 -0.351562 -1.36719 0.09375 -0.25 -1.33594
tri -0.046875 -0.351562 -1.36719 0 -0.359375 -1.36719 0 -0.28125 -1.34375
tri -0.046875 -0.351562 -1.36719 0 -0.28125 -1.34375 -0.09375 -0.25 -1.33594
tri 0.09375 -0.25 -1.33594 0.046875 -0.351562 -1.36719 0.09375 -0.3125 -1.35938
tri -0.09375 -0.3125 -1.35938 -0.046875 -0.351562 -1.36719 -0.09375 -0.25 -1.33594
tri 0.132812 0.710938 -1.24219 0.164062 0.640625 -1.25 0.1875 0.65625 -1.22656
tri 0.132812 0.710938 -1.24219 0.1875 0.65625 -1.22656 0.171875 0.71875 -1.21875
tri -0.1875 0.65625 -1.22656 -0.164062 0.640625 -1.25 -0.132812 0.710938 -1.24219
tri -0.1875 0.65625 -1.22656 -0.132812 0.710938 -1.24219 -0.171875 0.71875 -1.21875
tri 0.125 0.804688 -1.23438 0.132812 0.710938 -1.24219 0.171875 0.71875 -1.21875
tri 0.125 0.804688 -1.23438 0.171875 0.71875 -1.21875 0.179688 0.796875 -1.21875
tri -0.171875 0.71875 -1.21875 -0.132812 0.710938 -1.24219 -0.125 0.804688 -1.23438
tri -0.171875 0.71875 -1.21875 -0.125 0.804688 -1.23438 -0.179688 0.796875 -1.21875
tri 0.164062 0.914062 -1.22656 0.125 0.804688 -1.23438 0.179688 0.796875 -1.21875
tri 0.164062 0.914062 -1.22656 0.179688 0.796875 -1.21875 0.210938 0.875 -1.21875
tri -0.179688 0.796875 -1.21875 -0.125 0.804688 -1.23438 -0.164062 0.914062 -1.22656
tri -0.179688 0.796875 -1.21875 -0.164062 0.914062 -1.22656 -0.210938 0.875 -1.21875
tri 0.164062 0.640625 -1.25 0.203125 0.59375 -1.25781 0.226562 0.609375 -1.21875
tri 0.164062 0.640625 -1.25 0.226562 0.609375 -1.21875 0.1875 0.65625 -1.22656
tri -0.226562 0.609375 -1.21875 -0.203125 0.59375 -1.25781 -0.164062 0.640625 -1.25
tri -0.226562 0.609375 -1.21875 -0.164062 0.640625 -1.25 -0.1875 0.65625 -1.22656
tri 0.203125 0.59375 -1.25781 0.375 0.515625 -1.29688 0.375 0.5625 -1.25781
tri 0.203125 0.59375 -1.25781 0.375 0.5625 -1.25781 0.226562 0.609375 -1.21875
tri -0.375 0.5625 -1.25781 -0.375 0.515625 -1.29688 -0.203125 0.59375 -1.25781
tri -0.375 0.5625 -1.25781 -0.203125 0.59375 -1.25781 -0.226562 0.609375 -1.21875
tri 0.375 0.515625 -1.29688 0.492188 0.5625 -1.32812 0.476562 0.601562 -1.28125
tri 0.375 0.515625 -1.29688 0.476562 0.601562 -1.28125 0.375 0.5625 -1.25781
tri -0.476562 0.601562 -1.28125 -0.492188 0.5625 -1.32812 -0.375 0.515625 -1.29688
tri -0.476562 0.601562 -1.28125 -0.375 0.515625 -1.29688 -0.375 0.5625 -1.25781
tri 0.492188 0.5625 -1.32812 0.625 0.6875 -1.35156 0.578125 0.695312 -1.32031
tri 0.492188 0.5625 -1.32812 0.578125 0.695312 -1.32031 0.476562 0.601562 -1.28125
tri -0.578125 0.695312 -1.32031 -0.625 0.6875 -1.35156 -0.492188 0.5625 -1.32812
tri -0.578125 0.695312 -1.32031 -0.492188 0.5625 -1.32812 -0.476562 0.601562 -1.28125
tri 0.625 0.6875 -1.35156 0.640625 0.796875 -1.35156 0.585938 0.789062 -1.3125
tri 0.625 0.6875 -1.35156 0.585938 0.789062 -1.3125 0.578125 0.695312 -1.32031
tri -0.585938 0.789062 -1.3125 -0.640625 0.796875 -1.35156 -0.625 0.6875 -1.35156
tri -0.585938 0.789062 -1.3125 -0.625 0.6875 -1.35156 -0.578125 0.695312 -1.32031
tri 0.640625 0.796875 -1.35156 0.601562 0.875 -1.33594 0.5625 0.851562 -1.30469
tri 0.640625 0.796875 -1.35156 0.5625 0.851562 -1.30469 0.585938 0.789062 -1.3125
tri -0.5625 0.851562 -1.30469 -0.601562 0.875 -1.33594 -0.640625 0.796875 -1.35156
tri -0.5625 0.851562 -1.30469 -0.640625 0.796875 -1.35156 -0.585938 0.789062 -1.3125
tri 0.601562 0.875 -1.33594 0.429688 0.9375 -1.28125 0.421875 0.898438 -1.22656
tri 0.601562 0.875 -1.33594 0.421875 0.898438 -1.22656 0.5625 0.851562 -1.30469
tri -0.421875 0.898438 -1.22656 -0.429688 0.9375 -1.28125 -0.601562 0.875 -1.33594
tri -0.421875 0.898438 -1.22656 -0.601562 0.875 -1.33594 -0.5625 0.851562 -1.30469
tri 0.429688 0.9375 -1.28125 0.328125 0.976562 -1.25781 0.335938 0.929688 -1.24219
tri 0.429688 0.9375 -1.28125 0.335938 0.929688 -1.24219 0.421875 0.898438 -1.22656
tri -0.335938 0.929688 -1.24219 -0.328125 0.976562 -1.25781 -0.429688 0.9375 -1.28125
tri -0.335938 0.929688 -1.24219 -0.429688 0.9375 -1.28125 -0.421875 0.898438 -1.22656
tri 0.328125 0.976562 -1.25781 0.25 0.96875 -1.24219 0.273438 0.921875 -1.22656
tri 0.328125 0.976562 -1.25781 0.273438 0.921875 -1.22656 0.335938 0.929688 -1.24219
tri -0.273438 0.921875 -1.22656 -0.25 0.96875 -1.24219 -0.328125 0.976562 -1.25781
tri -0.273438 0.921875 -1.22656 -0.328125 0.976562 -1.25781 -0.335938 0.929688 -1.24219
tri 0.25 0.96875 -1.24219 0.164062 0.914062 -1.22656 0.210938 0.875 -1.21875
tri 0.25 0.96875 -1.24219 0.210938 0.875 -1.21875 0.273438 0.921875 -1.22656
tri -0.210938 0.875 -1.21875 -0.164062 0.914062 -1.22656 -0.25 0.96875 -1.24219
tri -0.210938 0.875 -1.21875 -0.25 0.96875 -1.24219 -0.273438 0.921875 -1.22656
tri 0.273438 0.921875 -1.22656 0.210938 0.875 -1.21875 0.234375 0.859375 -1.24219
tri 0.273438 0.921875 -1.22656 0.234375 0.859375 -1.24219 0.28125 0.898438 -1.23438
tri -0.234375 0.859375 -1.24219 -0.210938 0.875 -1.21875 -0.273438 0.921875 -1.22656
tri -0.234375 0.859375 -1.24219 -0.273438 0.921875 -1.22656 -0.28125 0.898438 -1.23438
tri 0.335938 0.929688 -1.24219 0.273438 0.921875 -1.22656 0.28125 0.898438 -1.23438
tri 0.335938 0.929688 -1.24219 0.28125 0.898438 -1.23438 0.335938 0.90625 -1.25
tri -0.28125 0.898438 -1.23438 -0.273438 0.921875 -1.22656 -0.335938 0.929688 -1.24219
tri -0.28125 0.898438 -1.23438 -0.335938 0.929688 -1.24219 -0.335938 0.90625 -1.25
tri 0.421875 0.898438 -1.22656 0.335938 0.929688 -1.24219 0.335938 0.90625 -1.25
tri 0.421875 0.898438 -1.22656 0.335938 0.90625 -1.25 0.414062 0.890625 -1.25
tri -0.335938 0.90625 -1.25 -0.335938 0.929688 -1.24219 -0.421875 0.898438 -1.22656
tri -0.335938 0.90625 -1.25 -0.421875 0.898438 -1.22656 -0.414062 0.890625 -1.25
tri 0.5625 0.851562 -1.30469 0.421875 0.898438 -1.22656 0.414062 0.890625 -1.25
tri 0.5625 0.851562 -1.30469 0.414062 0.890625 -1.25 0.53125 0.835938 -1.32031
tri -0.414062 0.890625 -1.25 -0.421875 0.898438 -1.22656 -0.5625 0.851562 -1.30469
tri -0.414062 0.890625 -1.25 -0.5625 0.851562 -1.30469 -0.53125 0.835938 -1.32031
tri 0.585938 0.789062 -1.3125 0.5625 0.851562 -1.30469 0.53125 0.835938 -1.32031
tri 0.585938 0.789062 -1.3125 0.53125 0.835938 -1.32031 0.554688 0.78125 -1.32812
tri -0.53125 0.835938 -1.32031 -0.5625 0.851562 -1.30469 -0.585938 0.789062 -1.3125
tri -0.53125 0.835938 -1.32031 -0.585938 0.789062 -1.3125 -0.554688 0.78125 -1.32812
tri 0.578125 0.695312 -1.32031 0.585938 0.789062 -1.3125 0.554688 0.78125 -1.32812
tri 0.578125 0.695312 -1.32031 0.554688 0.78125 -1.32812 0.546875 0.710938 -1.32812
tri -0.554688 0.78125 -1.32812 -0.585938 0.789062 -1.3125 -0.578125 0.695312 -1.32031
tri -0.554688 0.78125 -1.32812 -0.578125 0.695312 -1.32031 -0.546875 0.710938 -1.32812
tri 0.476562 0.601562 -1.28125 0.578125 0.695312 -1.32031 0.546875 0.710938 -1.32812
tri 0.476562 0.601562 -1.28125 0.546875 0.710938 -1.32812 0.460938 0.617188 -1.29688
tri -0.546875 0.710938 -1.32812 -0.578125 0.695312 -1.32031 -0.476562 0.601562 -1.28125
tri -0.546875 0.710938 -1.32812 -0.476562 0.601562 -1.28125 -0.460938 0.617188 -1.29688
tri 0.375 0.5625 -1.25781 0.476562 0.601562 -1.28125 0.460938 0.617188 -1.29688
tri 0.375 0.5625 -1.25781 0.460938 0.617188 -1.29688 0.375 0.585938 -1.27344
tri -0.460938 0.617188 -1.29688 -0.476562 0.601562 -1.28125 -0.375 0.5625 -1.25781
tri -0.460938 0.617188 -1.29688 -0.375 0.5625 -1.25781 -0.375 0.585938 -1.27344
tri 0.226562 0.609375 -1.21875 0.375 0.5625 -1.25781 0.375 0.585938 -1.27344
tri 0.226562 0.609375 -1.21875 0.375 0.585938 -1.27344 0.242188 0.625 -1.24219
tri -0.375 0.585938 -1.27344 -0.375 0.5625 -1.25781 -0.226562 0.609375 -1.21875
tri -0.375 0.585938 -1.27344 -0.226562 0.609375 -1.21875 -0.242188 0.625 -1.24219
tri 0.1875 0.65625 -1.22656 0.226562 0.609375 -1.21875 0.242188 0.625 -1.24219
tri 0.1875 0.65625 -1.22656 0.242188 0.625 -1.24219 0.203125 0.671875 -1.25
tri -0.242188 0.625 -1.24219 -0.226562 0.609375 -1.21875 -0.1875 0.65625 -1.22656
tri -0.242188 0.625 -1.24219 -0.1875 0.65625 -1.22656 -0.203125 0.671875 -1.25
tri 0.210938 0.875 -1.21875 0.179688 0.796875 -1.21875 0.195312 0.796875 -1.24219
tri 0.210938 0.875 -1.21875 0.195312 0.796875 -1.24219 0.234375 0.859375 -1.24219
tri -0.195312 0.796875 -1.24219 -0.179688 0.796875 -1.21875 -0.210938 0.875 -1.21875
tri -0.195312 0.796875 -1.24219 -0.210938 0.875 -1.21875 -0.234375 0.859375 -1.24219
tri 0.179688 0.796875 -1.21875 0.171875 0.71875 -1.21875 0.195312 0.726562 -1.25
tri 0.179688 0.796875 -1.21875 0.195312 0.726562 -1.25 0.195312 0.796875 -1.24219
tri -0.195312 0.726562 -1.25 -0.171875 0.71875 -1.21875 -0.179688 0.796875 -1.21875
tri -0.195312 0.726562 -1.25 -0.179688 0.796875 -1.21875 -0.195312 0.796875 -1.24219
tri 0.171875 0.71875 -1.21875 0.1875 0.65625 -1.22656 0.203125 0.671875 -1.25
tri 0.171875 0.71875 -1.21875 0.203125 0.671875 -1.25 0.195312 0.726562 -1.25
tri -0.203125 0.671875 -1.25 -0.1875 0.65625 -1.22656 -0.171875 0.71875 -1.21875
tri -0.203125 0.671875 -1.25 -0.171875 0.71875 -1.21875 -0.195312 0.726562 -1.25
tri 0 0.929688 -1.25781 0.0625 0.992188 -1.25 0.109375 0.960938 -1.39062
tri 0 0.929688 -1.25781 0.109375 0.960938 -1.39062 0 0.90625 -1.39844
tri -0.109375 0.960938 -1.39062 -0.0625 0.992188 -1.25 0 0.929688 -1.25781
tri -0.109375 0.960938 -1.39062 0 0.929688 -1.25781 0 0.90625 -1.39844
tri 0.0625 0.992188 -1.25 0.15625 1.21875 -1.24219 0.195312 1.16406 -1.38281
tri 0.0625 0.992188 -1.25 0.195312 1.16406 -1.38281 0.109375 0.960938 -1.39062
tri -0.195312 1.16406 -1.38281 -0.15625 1.21875 -1.24219 -0.0625 0.992188 -1.25
tri -0.195312 1.16406 -1.38281 -0.0625 0.992188 -1.25 -0.109375 0.960938 -1.39062
tri 0.15625 1.21875 -1.24219 0.320312 1.25781 -1.26562 0.335938 1.1875 -1.40625
tri 0.15625 1.21875 -1.24219 0.335938 1.1875 -1.40625 0.195312 1.16406 -1.38281
tri -0.335938 1.1875 -1.40625 -0.320312 1.25781 -1.26562 -0.15625 1.21875 -1.24219
tri -0.335938 1.1875 -1.40625 -0.15625 1.21875 -1.24219 -0.195312 1.16406 -1.38281
tri 0.320312 1.25781 -1.26562 0.492188 1.10156 -1.3125 0.484375 1.05469 -1.44531
tri 0.320312 1.25781 -1.26562 0.484375 1.05469 -1.44531 0.335938 1.1875 -1.40625
tri -0.484375 1.05469 -1.44531 -0.492188 1.10156 -1.3125 -0.320312 1.25781 -1.26562
tri -0.484375 1.05469 -1.44531 -0.320312 1.25781 -1.26562 -0.335938 1.1875 -1.40625
tri 0.492188 1.10156 -1.3125 0.710938 0.984375 -1.375 0.679688 0.953125 -1.50781
tri 0.492188 1.10156 -1.3125 0.679688 0.953125 -1.50781 0.484375 1.05469 -1.44531
tri -0.679688 0.953125 -1.50781 -0.710938 0.984375 -1.375 -0.492188 1.10156 -1.3125
tri -0.679688 0.953125 -1.50781 -0.492188 1.10156 -1.3125 -0.484375 1.05469 -1.44531
tri 0.710938 0.984375 -1.375 0.859375 0.929688 -1.40625 0.796875 0.90625 -1.53906
tri 0.710938 0.984375 -1.375 0.796875 0.90625 -1.53906 0.679688 0.953125 -1.50781
tri -0.796875 0.90625 -1.53906 -0.859375 0.929688 -1.40625 -0.710938 0.984375 -1.375
tri -0.796875 0.90625 -1.53906 -0.710938 0.984375 -1.375 -0.679688 0.953125 -1.50781
tri 0.859375 0.929688 -1.40625 0.828125 0.648438 -1.55469 0.773438 0.664062 -1.625
tri 0.859375 0.929688 -1.40625 0.773438 0.664062 -1.625 0.796875 0.90625 -1.53906
tri -0.773438 0.664062 -1.625 -0.828125 0.648438 -1.55469 -0.859375 0.929688 -1.40625
tri -0.773438 0.664062 -1.625 -0.859375 0.929688 -1.40625 -0.796875 0.90625 -1.53906
tri 0.828125 0.648438 -1.55469 0.632812 0.460938 -1.46094 0.601562 0.5 -1.58594
tri 0.828125 0.648438 -1.55469 0.601562 0.5 -1.58594 0.773438 0.664062 -1.625
tri -0.601562 0.5 -1.58594 -0.632812 0.460938 -1.46094 -0.828125 0.648438 -1.55469
tri -0.601562 0.5 -1.58594 -0.828125 0.648438 -1.55469 -0.773438 0.664062 -1.625
tri 0.632812 0.460938 -1.46094 0.4375 0.359375 -1.46875 0.4375 0.40625 -1.53125
tri 0.632812 0.460938 -1.46094 0.4375 0.40625 -1.53125 0.601562 0.5 -1.58594
tri -0.4375 0.40625 -1.53125 -0.4375 0.359375 -1.46875 -0.632812 0.460938 -1.46094
tri -0.4375 0.40625 -1.53125 -0.632812 0.460938 -1.46094 -0.601562 0.5 -1.58594
tri 0 -0.070312 -1.67969 0 0.015625 -1.71875 0.179688 0.085938 -1.74219
tri 0 -0.070312 -1.67969 0.179688 0.085938 -1.74219 0.125 -0.039062 -1.64062
tri -0.179688 0.085938 -1.74219 0 0.015625 -1.71875 0 -0.070312 -1.67969
tri -0.179688 0.085938 -1.74219 0 -0.070312 -1.67969 -0.125 -0.039062 -1.64062
tri 0 -0.304688 -1.65625 0 -0.070312 -1.67969 0.125 -0.039062 -1.64062
tri 0 -0.304688 -1.65625 0.125 -0.039062 -1.64062 0.140625 -0.257812 -1.63281
tri -0.125 -0.039062 -1.64062 0 -0.070312 -1.67969 0 -0.304688 -1.65625
tri -0.125 -0.039062 -1.64062 0 -0.304688 -1.65625 -0.140625 -0.257812 -1.63281
tri 0 -0.476562 -1.53906 0 -0.304688 -1.65625 0.140625 -0.257812 -1.63281
tri 0 -0.476562 -1.53906 0.140625 -0.257812 -1.63281 0.164062 -0.445312 -1.5625
tri -0.140625 -0.257812 -1.63281 0 -0.304688 -1.65625 0 -0.476562 -1.53906
tri -0.140625 -0.257812 -1.63281 0 -0.476562 -1.53906 -0.164062 -0.445312 -1.5625
tri 0.179688 -0.46875 -1.44531 0 -0.484375 -1.42188 0 -0.476562 -1.53906
tri 0.179688 -0.46875 -1.44531 0 -0.476562 -1.53906 0.164062 -0.445312 -1.5625
tri 0 -0.476562 -1.53906 0 -0.484375 -1.42188 -0.179688 -0.46875 -1.44531
tri 0 -0.476562 -1.53906 -0.179688 -0.46875 -1.44531 -0.164062 -0.445312 -1.5625
tri 0.328125 -0.445312 -1.47656 0.179688 -0.46875 -1.44531 0.164062 -0.445312 -1.5625
tri 0.328125 -0.445312 -1.47656 0.164062 -0.445312 -1.5625 0.328125 -0.414062 -1.60156
tri -0.164062 -0.445312 -1.5625 -0.179688 -0.46875 -1.44531 -0.328125 -0.445312 -1.47656
tri -0.164062 -0.445312 -1.5625 -0.328125 -0.445312 -1.47656 -0.328125 -0.414062 -1.60156
tri 0.367188 -0.390625 -1.46875 0.328125 -0.445312 -1.47656 0.328125 -0.414062 -1.60156
tri 0.367188 -0.390625 -1.46875 0.328125 -0.414062 -1.60156 0.289062 -0.210938 -1.61719
tri -0.328125 -0.414062 -1.60156 -0.328125 -0.445312 -1.47656 -0.367188 -0.390625 -1.46875
tri -0.328125 -0.414062 -1.60156 -0.367188 -0.390625 -1.46875 -0.289062 -0.210938 -1.61719
tri 0.351562 -0.195312 -1.42969 0.367188 -0.390625 -1.46875 0.289062 -0.210938 -1.61719
tri 0.351562 -0.195312 -1.42969 0.289062 -0.210938 -1.61719 0.25 0 -1.60938
tri -0.289062 -0.210938 -1.61719 -0.367188 -0.390625 -1.46875 -0.351562 -0.195312 -1.42969
tri -0.289062 -0.210938 -1.61719 -0.351562 -0.195312 -1.42969 -0.25 0 -1.60938
tri 0.289062 -0.210938 -1.61719 0.140625 -0.257812 -1.63281 0.125 -0.039062 -1.64062
tri 0.289062 -0.210938 -1.61719 0.125 -0.039062 -1.64062 0.25 0 -1.60938
tri -0.125 -0.039062 -1.64062 -0.140625 -0.257812 -1.63281 -0.289062 -0.210938 -1.61719
tri -0.125 -0.039062 -1.64062 -0.289062 -0.210938 -1.61719 -0.25 0 -1.60938
tri 0.289062 -0.210938 -1.61719 0.328125 -0.414062 -1.60156 0.164062 -0.445312 -1.5625
tri 0.289062 -0.210938 -1.61719 0.164062 -0.445312 -1.5625 0.140625 -0.257812 -1.63281
tri -0.164062 -0.445312 -1.5625 -0.328125 -0.414062 -1.60156 -0.289062 -0.210938 -1.61719
tri -0.164062 -0.445312 -1.5625 -0.289062 -0.210938 -1.61719 -0.140625 -0.257812 -1.63281
tri 0.234375 0.148438 -1.59375 0.25 0 -1.60938 0.125 -0.039062 -1.64062
tri 0.234375 0.148438 -1.59375 0.125 -0.039062 -1.64062 0.179688 0.085938 -1.74219
tri -0.125 -0.039062 -1.64062 -0.25 0 -1.60938 -0.234375 0.148438 -1.59375
tri -0.125 -0.039062 -1.64062 -0.234375 0.148438 -1.59375 -0.179688 0.085938 -1.74219
tri 0.3125 0.0625 -1.42969 0.351562 -0.195312 -1.42969 0.25 0 -1.60938
tri 0.3125 0.0625 -1.42969 0.25 0 -1.60938 0.234375 0.148438 -1.59375
tri -0.25 0 -1.60938 -0.351562 -0.195312 -1.42969 -0.3125 0.0625 -1.42969
tri -0.25 0 -1.60938 -0.3125 0.0625 -1.42969 -0.234375 0.148438 -1.59375
tri 0.257812 0.1875 -1.44531 0.21875 0.21875 -1.57031 0.210938 0.273438 -1.53125
tri 0.257812 0.1875 -1.44531 0.210938 0.273438 -1.53125 0.234375 0.25 -1.44531
tri -0.210938 0.273438 -1.53125 -0.21875 0.21875 -1.57031 -0.257812 0.1875 -1.44531
tri -0.210938 0.273438 -1.53125 -0.257812 0.1875 -1.44531 -0.234375 0.25 -1.44531
tri 0.3125 0.0625 -1.42969 0.234375 0.148438 -1.59375 0.21875 0.21875 -1.57031
tri 0.3125 0.0625 -1.42969 0.21875 0.21875 -1.57031 0.257812 0.1875 -1.44531
tri -0.21875 0.21875 -1.57031 -0.234375 0.148438 -1.59375 -0.3125 0.0625 -1.42969
tri -0.21875 0.21875 -1.57031 -0.3125 0.0625 -1.42969 -0.257812 0.1875 -1.44531
tri 0.203125 0.3125 -1.4375 0.234375 0.25 -1.44531 0.210938 0.273438 -1.53125
tri 0.203125 0.3125 -1.4375 0.210938 0.273438 -1.53125 0.203125 0.328125 -1.5
tri -0.210938 0.273438 -1.53125 -0.234375 0.25 -1.44531 -0.203125 0.3125 -1.4375
tri -0.210938 0.273438 -1.53125 -0.203125 0.3125 -1.4375 -0.203125 0.328125 -1.5
tri 0.203125 0.3125 -1.4375 0.203125 0.328125 -1.5 0.4375 0.40625 -1.53125
tri 0.203125 0.3125 -1.4375 0.4375 0.40625 -1.53125 0.4375 0.359375 -1.46875
tri -0.4375 0.40625 -1.53125 -0.203125 0.328125 -1.5 -0.203125 0.3125 -1.4375
tri -0.4375 0.40625 -1.53125 -0.203125 0.3125 -1.4375 -0.4375 0.359375 -1.46875
tri 0 0.570312 -2.82812 0.335938 0.554688 -2.66406 0.34375 0.351562 -2.53906
tri 0 0.570312 -2.82812 0.34375 0.351562 -2.53906 0 0.304688 -2.67188
tri -0.34375 0.351562 -2.53906 -0.335938 0.554688 -2.66406 0 0.570312 -2.82812
tri -0.34375 0.351562 -2.53906 0 0.570312 -2.82812 0 0.304688 -2.67188
tri 0 0.304688 -2.67188 0.34375 0.351562 -2.53906 0.296875 0.1875 -2.26562
tri 0 0.304688 -2.67188 0.296875 0.1875 -2.26562 0 0.117188 -2.35156
tri -0.296875 0.1875 -2.26562 -0.34375 0.351562 -2.53906 0 0.304688 -2.67188
tri -0.296875 0.1875 -2.26562 0 0.304688 -2.67188 0 0.117188 -2.35156
tri 0 0.117188 -2.35156 0.296875 0.1875 -2.26562 0.210938 0.109375 -1.83594
tri 0 0.117188 -2.35156 0.210938 0.109375 -1.83594 0 0.039062 -1.8125
tri -0.210938 0.109375 -1.83594 -0.296875 0.1875 -2.26562 0 0.117188 -2.35156
tri -0.210938 0.109375 -1.83594 0 0.117188 -2.35156 0 0.039062 -1.8125
tri 0 0.039062 -1.8125 0.210938 0.109375 -1.83594 0.179688 0.085938 -1.74219
tri 0 0.039062 -1.8125 0.179688 0.085938 -1.74219 0 0.015625 -1.71875
tri -0.179688 0.085938 -1.74219 -0.210938 0.109375 -1.83594 0 0.039062 -1.8125
tri -0.179688 0.085938 -1.74219 0 0.039062 -1.8125 0 0.015625 -1.71875
tri 0.234375 0.148438 -1.59375 0.179688 0.085938 -1.74219 0.210938 0.109375 -1.83594
tri 0.234375 0.148438 -1.59375 0.210938 0.109375 -1.83594 0.21875 0.21875 -1.57031
tri -0.210938 0.109375 -1.83594 -0.179688 0.085938 -1.74219 -0.234375 0.148438 -1.59375
tri -0.210938 0.109375 -1.83594 -0.234375 0.148438 -1.59375 -0.21875 0.21875 -1.57031
tri 0.773438 0.664062 -1.625 0.601562 0.5 -1.58594 0.734375 0.453125 -1.92969
tri 0.773438 0.664062 -1.625 0.734375 0.453125 -1.92969 0.851562 0.734375 -1.94531
tri -0.734375 0.453125 -1.92969 -0.601562 0.5 -1.58594 -0.773438 0.664062 -1.625
tri -0.734375 0.453125 -1.92969 -0.773438 0.664062 -1.625 -0.851562 0.734375 -1.94531
tri 0 1.0625 -2.85156 0.460938 0.9375 -2.70312 0.335938 0.554688 -2.66406
tri 0 1.0625 -2.85156 0.335938 0.554688 -2.66406 0 0.570312 -2.82812
tri -0.335938 0.554688 -2.66406 -0.460938 0.9375 -2.70312 0 1.0625 -2.85156
tri -0.335938 0.554688 -2.66406 0 1.0625 -2.85156 0 0.570312 -2.82812
tri 0 1.39844 -1.71094 0.453125 1.35156 -1.76562 0.453125 1.42969 -2.07031
tri 0 1.39844 -1.71094 0.453125 1.42969 -2.07031 0 1.48438 -2.07812
tri -0.453125 1.42969 -2.07031 -0.453125 1.35156 -1.76562 0 1.39844 -1.71094
tri -0.453125 1.42969 -2.07031 0 1.39844 -1.71094 0 1.48438 -2.07812
tri 0 1.48438 -2.07812 0.453125 1.42969 -2.07031 0.453125 1.36719 -2.38281
tri 0 1.48438 -2.07812 0.453125 1.36719 -2.38281 0 1.39844 -2.54688
tri -0.453125 1.36719 -2.38281 -0.453125 1.42969 -2.07031 0 1.48438 -2.07812
tri -0.453125 1.36719 -2.38281 0 1.48438 -2.07812 0 1.39844 -2.54688
tri 0 1.39844 -2.54688 0.453125 1.36719 -2.38281 0.460938 0.9375 -2.70312
tri 0 1.39844 -2.54688 0.460938 0.9375 -2.70312 0 1.0625 -2.85156
tri -0.460938 0.9375 -2.70312 -0.453125 1.36719 -2.38281 0 1.39844 -2.54688
tri -0.460938 0.9375 -2.70312 0 1.39844 -2.54688 0 1.0625 -2.85156
tri 0.679688 0.953125 -1.50781 0.796875 0.90625 -1.53906 0.726562 0.90625 -1.66406
tri 0.679688 0.953125 -1.50781 0.726562 0.90625 -1.66406 0.632812 0.953125 -1.71875
tri -0.726562 0.90625 -1.66406 -0.796875 0.90625 -1.53906 -0.679688 0.953125 -1.50781
tri -0.726562 0.90625 -1.66406 -0.679688 0.953125 -1.50781 -0.632812 0.953125 -1.71875
tri 0.632812 0.953125 -1.71875 0.726562 0.90625 -1.66406 0.796875 1.0625 -1.875
tri 0.632812 0.953125 -1.71875 0.796875 1.0625 -1.875 0.640625 1.20312 -1.94531
tri -0.796875 1.0625 -1.875 -0.726562 0.90625 -1.66406 -0.632812 0.953125 -1.71875
tri -0.796875 1.0625 -1.875 -0.632812 0.953125 -1.71875 -0.640625 1.20312 -1.94531
tri 0.640625 1.20312 -1.94531 0.796875 1.0625 -1.875 0.796875 1.11719 -2.11719
tri 0.640625 1.20312 -1.94531 0.796875 1.11719 -2.11719 0.640625 1.25 -2.19531
tri -0.796875 1.11719 -2.11719 -0.796875 1.0625 -1.875 -0.640625 1.20312 -1.94531
tri -0.796875 1.11719 -2.11719 -0.640625 1.20312 -1.94531 -0.640625 1.25 -2.19531
tri 0.640625 1.25 -2.19531 0.796875 1.11719 -2.11719 0.796875 1.03906 -2.35938
tri 0.640625 1.25 -2.19531 0.796875 1.03906 -2.35938 0.640625 1.17969 -2.44531
tri -0.796875 1.03906 -2.35938 -0.796875 1.11719 -2.11719 -0.640625 1.25 -2.19531
tri -0.796875 1.03906 -2.35938 -0.640625 1.25 -2.19531 -0.640625 1.17969 -2.44531
tri 0.773438 0.765625 -2.4375 0.617188 0.828125 -2.58594 0.640625 1.17969 -2.44531
tri 0.773438 0.765625 -2.4375 0.640625 1.17969 -2.44531 0.796875 1.03906 -2.35938
tri -0.640625 1.17969 -2.44531 -0.617188 0.828125 -2.58594 -0.773438 0.765625 -2.4375
tri -0.640625 1.17969 -2.44531 -0.773438 0.765625 -2.4375 -0.796875 1.03906 -2.35938
tri 0.460938 0.9375 -2.70312 0.453125 1.36719 -2.38281 0.640625 1.17969 -2.44531
tri 0.460938 0.9375 -2.70312 0.640625 1.17969 -2.44531 0.617188 0.828125 -2.58594
tri -0.640625 1.17969 -2.44531 -0.453125 1.36719 -2.38281 -0.460938 0.9375 -2.70312
tri -0.640625 1.17969 -2.44531 -0.460938 0.9375 -2.70312 -0.617188 0.828125 -2.58594
tri 0.453125 1.36719 -2.38281 0.453125 1.42969 -2.07031 0.640625 1.25 -2.19531
tri 0.453125 1.36719 -2.38281 0.640625 1.25 -2.19531 0.640625 1.17969 -2.44531
tri -0.640625 1.25 -2.19531 -0.453125 1.42969 -2.07031 -0.453125 1.36719 -2.38281
tri -0.640625 1.25 -2.19531 -0.453125 1.36719 -2.38281 -0.640625 1.17969 -2.44531
tri 0.453125 1.42969 -2.07031 0.453125 1.35156 -1.76562 0.640625 1.20312 -1.94531
tri 0.453125 1.42969 -2.07031 0.640625 1.20312 -1.94531 0.640625 1.25 -2.19531
tri -0.640625 1.20312 -1.94531 -0.453125 1.35156 -1.76562 -0.453125 1.42969 -2.07031
tri -0.640625 1.20312 -1.94531 -0.453125 1.42969 -2.07031 -0.640625 1.25 -2.19531
tri 0.453125 1.35156 -1.76562 0.460938 1.02344 -1.57031 0.632812 0.953125 -1.71875
tri 0.453125 1.35156 -1.76562 0.632812 0.953125 -1.71875 0.640625 1.20312 -1.94531
tri -0.632812 0.953125 -1.71875 -0.460938 1.02344 -1.57031 -0.453125 1.35156 -1.76562
tri -0.632812 0.953125 -1.71875 -0.453125 1.35156 -1.76562 -0.640625 1.20312 -1.94531
tri 0.484375 1.05469 -1.44531 0.679688 0.953125 -1.50781 0.632812 0.953125 -1.71875
tri 0.484375 1.05469 -1.44531 0.632812 0.953125 -1.71875 0.460938 1.02344 -1.57031
tri -0.632812 0.953125 -1.71875 -0.679688 0.953125 -1.50781 -0.484375 1.05469 -1.44531
tri -0.632812 0.953125 -1.71875 -0.484375 1.05469 -1.44531 -0.460938 1.02344 -1.57031
tri 0 1.07031 -1.42969 0.460938 1.02344 -1.57031 0.453125 1.35156 -1.76562
tri 0 1.07031 -1.42969 0.453125 1.35156 -1.76562 0 1.39844 -1.71094
tri -0.453125 1.35156 -1.76562 -0.460938 1.02344 -1.57031 0 1.07031 -1.42969
tri -0.453125 1.35156 -1.76562 0 1.07031 -1.42969 0 1.39844 -1.71094
tri 0.109375 0.960938 -1.39062 0.195312 1.16406 -1.38281 0.335938 1.1875 -1.40625
tri 0.109375 0.960938 -1.39062 0.335938 1.1875 -1.40625 0.484375 1.05469 -1.44531
tri -0.335938 1.1875 -1.40625 -0.195312 1.16406 -1.38281 -0.109375 0.960938 -1.39062
tri -0.335938 1.1875 -1.40625 -0.109375 0.960938 -1.39062 -0.484375 1.05469 -1.44531
tri 0.109375 0.960938 -1.39062 0.484375 1.05469 -1.44531 0.460938 1.02344 -1.57031
tri 0.109375 0.960938 -1.39062 0.460938 1.02344 -1.57031 0 1.07031 -1.42969
tri -0.460938 1.02344 -1.57031 -0.484375 1.05469 -1.44531 -0.109375 0.960938 -1.39062
tri -0.460938 1.02344 -1.57031 -0.109375 0.960938 -1.39062 0 1.07031 -1.42969
tri 0 0.90625 -1.39844 0.109375 0.960938 -1.39062 0 1.07031 -1.42969
tri 0 1.07031 -1.42969 -0.109375 0.960938 -1.39062 0 0.90625 -1.39844
tri 0.796875 0.90625 -1.53906 0.773438 0.664062 -1.625 0.851562 0.734375 -1.94531
tri 0.796875 0.90625 -1.53906 0.851562 0.734375 -1.94531 0.726562 0.90625 -1.66406
tri -0.851562 0.734375 -1.94531 -0.773438 0.664062 -1.625 -0.796875 0.90625 -1.53906
tri -0.851562 0.734375 -1.94531 -0.796875 0.90625 -1.53906 -0.726562 0.90625 -1.66406
tri 0.851562 0.734375 -1.94531 0.859375 0.820312 -2.04688 0.796875 1.0625 -1.875
tri 0.851562 0.734375 -1.94531 0.796875 1.0625 -1.875 0.726562 0.90625 -1.66406
tri -0.796875 1.0625 -1.875 -0.859375 0.820312 -2.04688 -0.851562 0.734375 -1.94531
tri -0.796875 1.0625 -1.875 -0.851562 0.734375 -1.94531 -0.726562 0.90625 -1.66406
tri 0.859375 0.820312 -2.04688 0.820312 0.828125 -2.20312 0.796875 1.11719 -2.11719
tri 0.859375 0.820312 -2.04688 0.796875 1.11719 -2.11719 0.796875 1.0625 -1.875
tri -0.796875 1.11719 -2.11719 -0.820312 0.828125 -2.20312 -0.859375 0.820312 -2.04688
tri -0.796875 1.11719 -2.11719 -0.859375 0.820312 -2.04688 -0.796875 1.0625 -1.875
tri 0.773438 0.765625 -2.4375 0.796875 1.03906 -2.35938 0.796875 1.11719 -2.11719
tri 0.773438 0.765625 -2.4375 0.796875 1.11719 -2.11719 0.820312 0.828125 -2.20312
tri -0.796875 1.11719 -2.11719 -0.796875 1.03906 -2.35938 -0.773438 0.765625 -2.4375
tri -0.796875 1.11719 -2.11719 -0.773438 0.765625 -2.4375 -0.820312 0.828125 -2.20312
tri 0.210938 0.109375 -1.83594 0.296875 0.1875 -2.26562 0.429688 0.304688 -2.21094
tri 0.210938 0.109375 -1.83594 0.429688 0.304688 -2.21094 0.40625 0.328125 -1.85156
tri -0.429688 0.304688 -2.21094 -0.296875 0.1875 -2.26562 -0.210938 0.109375 -1.83594
tri -0.429688 0.304688 -2.21094 -0.210938 0.109375 -1.83594 -0.40625 0.328125 -1.85156
tri 0.734375 0.453125 -1.92969 0.40625 0.328125 -1.85156 0.429688 0.304688 -2.21094
tri 0.734375 0.453125 -1.92969 0.429688 0.304688 -2.21094 0.59375 0.375 -2.16406
tri -0.429688 0.304688 -2.21094 -0.40625 0.328125 -1.85156 -0.734375 0.453125 -1.92969
tri -0.429688 0.304688 -2.21094 -0.734375 0.453125 -1.92969 -0.59375 0.375 -2.16406
tri 0.601562 0.5 -1.58594 0.4375 0.40625 -1.53125 0.40625 0.328125 -1.85156
tri 0.601562 0.5 -1.58594 0.40625 0.328125 -1.85156 0.734375 0.453125 -1.92969
tri -0.40625 0.328125 -1.85156 -0.4375 0.40625 -1.53125 -0.601562 0.5 -1.58594
tri -0.40625 0.328125 -1.85156 -0.601562 0.5 -1.58594 -0.734375 0.453125 -1.92969
tri 0.4375 0.40625 -1.53125 0.210938 0.273438 -1.53125 0.21875 0.21875 -1.57031
tri 0.4375 0.40625 -1.53125 0.21875 0.21875 -1.57031 0.40625 0.328125 -1.85156
tri -0.21875 0.21875 -1.57031 -0.210938 0.273438 -1.53125 -0.4375 0.40625 -1.53125
tri -0.21875 0.21875 -1.57031 -0.4375 0.40625 -1.53125 -0.40625 0.328125 -1.85156
tri 0.21875 0.21875 -1.57031 0.210938 0.109375 -1.83594 0.40625 0.328125 -1.85156
tri -0.40625 0.328125 -1.85156 -0.210938 0.109375 -1.83594 -0.21875 0.21875 -1.57031
tri 0.4375 0.40625 -1.53125 0.203125 0.328125 -1.5 0.210938 0.273438 -1.53125
tri -0.210938 0.273438 -1.53125 -0.203125 0.328125 -1.5 -0.4375 0.40625 -1.53125
tri 0.773438 0.765625 -2.4375 0.640625 0.492188 -2.42969 0.484375 0.523438 -2.54688
tri 0.773438 0.765625 -2.4375 0.484375 0.523438 -2.54688 0.617188 0.828125 -2.58594
tri -0.484375 0.523438 -2.54688 -0.640625 0.492188 -2.42969 -0.773438 0.765625 -2.4375
tri -0.484375 0.523438 -2.54688 -0.773438 0.765625 -2.4375 -0.617188 0.828125 -2.58594
tri 0.460938 0.9375 -2.70312 0.617188 0.828125 -2.58594 0.484375 0.523438 -2.54688
tri 0.460938 0.9375 -2.70312 0.484375 0.523438 -2.54688 0.335938 0.554688 -2.66406
tri -0.484375 0.523438 -2.54688 -0.617188 0.828125 -2.58594 -0.460938 0.9375 -2.70312
tri -0.484375 0.523438 -2.54688 -0.460938 0.9375 -2.70312 -0.335938 0.554688 -2.66406
tri 0.59375 0.375 -2.16406 0.429688 0.304688 -2.21094 0.484375 0.523438 -2.54688
tri 0.59375 0.375 -2.16406 0.484375 0.523438 -2.54688 0.640625 0.492188 -2.42969
tri -0.484375 0.523438 -2.54688 -0.429688 0.304688 -2.21094 -0.59375 0.375 -2.16406
tri -0.484375 0.523438 -2.54688 -0.59375 0.375 -2.16406 -0.640625 0.492188 -2.42969
tri 0.296875 0.1875 -2.26562 0.34375 0.351562 -2.53906 0.484375 0.523438 -2.54688
tri 0.296875 0.1875 -2.26562 0.484375 0.523438 -2.54688 0.429688 0.304688 -2.21094
tri -0.484375 0.523438 -2.54688 -0.34375 0.351562 -2.53906 -0.296875 0.1875 -2.26562
tri -0.484375 0.523438 -2.54688 -0.296875 0.1875 -2.26562 -0.429688 0.304688 -2.21094
tri 0.335938 0.554688 -2.66406 0.484375 0.523438 -2.54688 0.34375 0.351562 -2.53906
tri -0.34375 0.351562 -2.53906 -0.484375 0.523438 -2.54688 -0.335938 0.554688 -2.66406
tri 1.02344 0.976562 -2.3125 0.890625 0.90625 -2.23438 0.921875 0.859375 -2.21875
tri 1.02344 0.976562 -2.3125 0.921875 0.859375 -2.21875 1.01562 0.914062 -2.28906
tri -0.921875 0.859375 -2.21875 -0.890625 0.90625 -2.23438 -1.02344 0.976562 -2.3125
tri -0.921875 0.859375 -2.21875 -1.02344 0.976562 -2.3125 -1.01562 0.914062 -2.28906
tri 1.02344 0.976562 -2.3125 1.01562 0.914062 -2.28906 1.1875 0.9375 -2.39062
tri 1.02344 0.976562 -2.3125 1.1875 0.9375 -2.39062 1.23438 1.00781 -2.42188
tri -1.1875 0.9375 -2.39062 -1.01562 0.914062 -2.28906 -1.02344 0.976562 -2.3125
tri -1.1875 0.9375 -2.39062 -1.02344 0.976562 -2.3125 -1.23438 1.00781 -2.42188
tri 1.23438 1.00781 -2.42188 1.1875 0.9375 -2.39062 1.26562 0.789062 -2.40625
tri 1.23438 1.00781 -2.42188 1.26562 0.789062 -2.40625 1.35156 0.820312 -2.42188
tri -1.26562 0.789062 -2.40625 -1.1875 0.9375 -2.39062 -1.23438 1.00781 -2.42188
tri -1.26562 0.789062 -2.40625 -1.23438 1.00781 -2.42188 -1.35156 0.820312 -2.42188
tri 1.35156 0.820312 -2.42188 1.26562 0.789062 -2.40625 1.21094 0.578125 -2.40625
tri 1.35156 0.820312 -2.42188 1.21094 0.578125 -2.40625 1.28125 0.554688 -2.42969
tri -1.21094 0.578125 -2.40625 -1.26562 0.789062 -2.40625 -1.35156 0.820312 -2.42188
tri -1.21094 0.578125 -2.40625 -1.35156 0.820312 -2.42188 -1.28125 0.554688 -2.42969
tri 1.28125 0.554688 -2.42969 1.21094 0.578125 -2.40625 1.03125 0.460938 -2.30469
tri 1.28125 0.554688 -2.42969 1.03125 0.460938 -2.30469 1.03906 0.398438 -2.32812
tri -1.03125 0.460938 -2.30469 -1.21094 0.578125 -2.40625 -1.28125 0.554688 -2.42969
tri -1.03125 0.460938 -2.30469 -1.28125 0.554688 -2.42969 -1.03906 0.398438 -2.32812
tri 1.03906 0.398438 -2.32812 1.03125 0.460938 -2.30469 0.828125 0.429688 -2.13281
tri 1.03906 0.398438 -2.32812 0.828125 0.429688 -2.13281 0.773438 0.359375 -2.125
tri -0.828125 0.429688 -2.13281 -1.03125 0.460938 -2.30469 -1.03906 0.398438 -2.32812
tri -0.828125 0.429688 -2.13281 -1.03906 0.398438 -2.32812 -0.773438 0.359375 -2.125
tri 1.03125 0.460938 -2.30469 1.03906 0.5 -2.36719 0.882812 0.476562 -2.21094
tri 1.03125 0.460938 -2.30469 0.882812 0.476562 -2.21094 0.828125 0.429688 -2.13281
tri -0.882812 0.476562 -2.21094 -1.03906 0.5 -2.36719 -1.03125 0.460938 -2.30469
tri -0.882812 0.476562 -2.21094 -1.03125 0.460938 -2.30469 -0.828125 0.429688 -2.13281
tri 1.21094 0.578125 -2.40625 1.1875 0.59375 -2.44531 1.03906 0.5 -2.36719
tri 1.21094 0.578125 -2.40625 1.03906 0.5 -2.36719 1.03125 0.460938 -2.30469
tri -1.03906 0.5 -2.36719 -1.1875 0.59375 -2.44531 -1.21094 0.578125 -2.40625
tri -1.03906 0.5 -2.36719 -1.21094 0.578125 -2.40625 -1.03125 0.460938 -2.30469
tri 1.26562 0.789062 -2.40625 1.23438 0.75 -2.44531 1.1875 0.59375 -2.44531
tri 1.26562 0.789062 -2.40625 1.1875 0.59375 -2.44531 1.21094 0.578125 -2.40625
tri -1.1875 0.59375 -2.44531 -1.23438 0.75 -2.44531 -1.26562 0.789062 -2.40625
tri -1.1875 0.59375 -2.44531 -1.26562 0.789062 -2.40625 -1.21094 0.578125 -2.40625
tri 1.1875 0.9375 -2.39062 1.17188 0.859375 -2.4375 1.23438 0.75 -2.44531
tri 1.1875 0.9375 -2.39062 1.23438 0.75 -2.44531 1.26562 0.789062 -2.40625
tri -1.23438 0.75 -2.44531 -1.17188 0.859375 -2.4375 -1.1875 0.9375 -2.39062
tri -1.23438 0.75 -2.44531 -1.1875 0.9375 -2.39062 -1.26562 0.789062 -2.40625
tri 1.01562 0.914062 -2.28906 1.02344 0.84375 -2.35938 1.17188 0.859375 -2.4375
tri 1.01562 0.914062 -2.28906 1.17188 0.859375 -2.4375 1.1875 0.9375 -2.39062
tri -1.17188 0.859375 -2.4375 -1.02344 0.84375 -2.35938 -1.01562 0.914062 -2.28906
tri -1.17188 0.859375 -2.4375 -1.01562 0.914062 -2.28906 -1.1875 0.9375 -2.39062
tri 1.01562 0.914062 -2.28906 0.921875 0.859375 -2.21875 0.945312 0.804688 -2.28906
tri 1.01562 0.914062 -2.28906 0.945312 0.804688 -2.28906 1.02344 0.84375 -2.35938
tri -0.945312 0.804688 -2.28906 -0.921875 0.859375 -2.21875 -1.01562 0.914062 -2.28906
tri -0.945312 0.804688 -2.28906 -1.01562 0.914062 -2.28906 -1.02344 0.84375 -2.35938
tri 0.734375 0.453125 -1.92969 0.59375 0.375 -2.16406 0.71875 0.476562 -2.17188
tri 0.734375 0.453125 -1.92969 0.71875 0.476562 -2.17188 0.726562 0.5 -2.07031
tri -0.71875 0.476562 -2.17188 -0.59375 0.375 -2.16406 -0.734375 0.453125 -1.92969
tri -0.71875 0.476562 -2.17188 -0.734375 0.453125 -1.92969 -0.726562 0.5 -2.07031
tri 0.59375 0.375 -2.16406 0.773438 0.359375 -2.125 0.828125 0.429688 -2.13281
tri 0.59375 0.375 -2.16406 0.828125 0.429688 -2.13281 0.71875 0.476562 -2.17188
tri -0.828125 0.429688 -2.13281 -0.773438 0.359375 -2.125 -0.59375 0.375 -2.16406
tri -0.828125 0.429688 -2.13281 -0.59375 0.375 -2.16406 -0.71875 0.476562 -2.17188
tri 0.851562 0.734375 -1.94531 0.734375 0.453125 -1.92969 0.726562 0.5 -2.07031
tri 0.851562 0.734375 -1.94531 0.726562 0.5 -2.07031 0.859375 0.820312 -2.04688
tri -0.726562 0.5 -2.07031 -0.734375 0.453125 -1.92969 -0.851562 0.734375 -1.94531
tri -0.726562 0.5 -2.07031 -0.851562 0.734375 -1.94531 -0.859375 0.820312 -2.04688
tri 0.820312 0.828125 -2.20312 0.84375 0.789062 -2.21094 0.921875 0.859375 -2.21875
tri 0.820312 0.828125 -2.20312 0.921875 0.859375 -2.21875 0.890625 0.90625 -2.23438
tri -0.921875 0.859375 -2.21875 -0.84375 0.789062 -2.21094 -0.820312 0.828125 -2.20312
tri -0.921875 0.859375 -2.21875 -0.820312 0.828125 -2.20312 -0.890625 0.90625 -2.23438
tri 0.828125 0.429688 -2.13281 0.882812 0.476562 -2.21094 0.8125 0.484375 -2.27344
tri 0.828125 0.429688 -2.13281 0.8125 0.484375 -2.27344 0.71875 0.476562 -2.17188
tri -0.8125 0.484375 -2.27344 -0.882812 0.476562 -2.21094 -0.828125 0.429688 -2.13281
tri -0.8125 0.484375 -2.27344 -0.828125 0.429688 -2.13281 -0.71875 0.476562 -2.17188
tri 0.84375 0.515625 -2.27344 0.71875 0.539062 -2.1875 0.71875 0.476562 -2.17188
tri 0.84375 0.515625 -2.27344 0.71875 0.476562 -2.17188 0.8125 0.484375 -2.27344
tri -0.71875 0.476562 -2.17188 -0.71875 0.539062 -2.1875 -0.84375 0.515625 -2.27344
tri -0.71875 0.476562 -2.17188 -0.84375 0.515625 -2.27344 -0.8125 0.484375 -2.27344
tri 0.757812 0.59375 -2.27344 0.71875 0.539062 -2.1875 0.84375 0.515625 -2.27344
tri 0.757812 0.59375 -2.27344 0.84375 0.515625 -2.27344 0.820312 0.585938 -2.27344
tri -0.84375 0.515625 -2.27344 -0.71875 0.539062 -2.1875 -0.757812 0.59375 -2.27344
tri -0.84375 0.515625 -2.27344 -0.757812 0.59375 -2.27344 -0.820312 0.585938 -2.27344
tri 0.835938 0.671875 -2.27344 0.796875 0.703125 -2.21094 0.71875 0.539062 -2.1875
tri 0.835938 0.671875 -2.27344 0.71875 0.539062 -2.1875 0.757812 0.59375 -2.27344
tri -0.71875 0.539062 -2.1875 -0.796875 0.703125 -2.21094 -0.835938 0.671875 -2.27344
tri -0.71875 0.539062 -2.1875 -0.835938 0.671875 -2.27344 -0.757812 0.59375 -2.27344
tri 0.84375 0.789062 -2.21094 0.796875 0.703125 -2.21094 0.835938 0.671875 -2.27344
tri 0.84375 0.789062 -2.21094 0.835938 0.671875 -2.27344 0.890625 0.742188 -2.26562
tri -0.835938 0.671875 -2.27344 -0.796875 0.703125 -2.21094 -0.84375 0.789062 -2.21094
tri -0.835938 0.671875 -2.27344 -0.84375 0.789062 -2.21094 -0.890625 0.742188 -2.26562
tri 0.921875 0.859375 -2.21875 0.84375 0.789062 -2.21094 0.890625 0.742188 -2.26562
tri 0.921875 0.859375 -2.21875 0.890625 0.742188 -2.26562 0.945312 0.804688 -2.28906
tri -0.890625 0.742188 -2.26562 -0.84375 0.789062 -2.21094 -0.921875 0.859375 -2.21875
tri -0.890625 0.742188 -2.26562 -0.921875 0.859375 -2.21875 -0.945312 0.804688 -2.28906
tri 0.859375 0.820312 -2.04688 0.796875 0.703125 -2.21094 0.84375 0.789062 -2.21094
tri 0.859375 0.820312 -2.04688 0.84375 0.789062 -2.21094 0.820312 0.828125 -2.20312
tri -0.84375 0.789062 -2.21094 -0.796875 0.703125 -2.21094 -0.859375 0.820312 -2.04688
tri -0.84375 0.789062 -2.21094 -0.859375 0.820312 -2.04688 -0.820312 0.828125 -2.20312
tri 0.859375 0.820312 -2.04688 0.726562 0.5 -2.07031 0.71875 0.539062 -2.1875
tri 0.859375 0.820312 -2.04688 0.71875 0.539062 -2.1875 0.796875 0.703125 -2.21094
tri -0.71875 0.539062 -2.1875 -0.726562 0.5 -2.07031 -0.859375 0.820312 -2.04688
tri -0.71875 0.539062 -2.1875 -0.859375 0.820312 -2.04688 -0.796875 0.703125 -2.21094
tri 0.726562 0.5 -2.07031 0.71875 0.476562 -2.17188 0.71875 0.539062 -2.1875
tri -0.71875 0.539062 -2.1875 -0.71875 0.476562 -2.17188 -0.726562 0.5 -2.07031
tri 0.945312 0.804688 -2.28906 0.890625 0.742188 -2.26562 0.890625 0.734375 -2.32031
tri 0.945312 0.804688 -2.28906 0.890625 0.734375 -2.32031 0.953125 0.789062 -2.34375
tri -0.890625 0.734375 -2.32031 -0.890625 0.742188 -2.26562 -0.945312 0.804688 -2.28906
tri -0.890625 0.734375 -2.32031 -0.945312 0.804688 -2.28906 -0.953125 0.789062 -2.34375
tri 0.890625 0.742188 -2.26562 0.835938 0.671875 -2.27344 0.84375 0.671875 -2.32031
tri 0.890625 0.742188 -2.26562 0.84375 0.671875 -2.32031 0.890625 0.734375 -2.32031
tri -0.84375 0.671875 -2.32031 -0.835938 0.671875 -2.27344 -0.890625 0.742188 -2.26562
tri -0.84375 0.671875 -2.32031 -0.890625 0.742188 -2.26562 -0.890625 0.734375 -2.32031
tri 0.835938 0.671875 -2.27344 0.757812 0.59375 -2.27344 0.765625 0.59375 -2.32031
tri 0.835938 0.671875 -2.27344 0.765625 0.59375 -2.32031 0.84375 0.671875 -2.32031
tri -0.765625 0.59375 -2.32031 -0.757812 0.59375 -2.27344 -0.835938 0.671875 -2.27344
tri -0.765625 0.59375 -2.32031 -0.835938 0.671875 -2.27344 -0.84375 0.671875 -2.32031
tri 0.757812 0.59375 -2.27344 0.820312 0.585938 -2.27344 0.828125 0.578125 -2.32031
tri 0.757812 0.59375 -2.27344 0.828125 0.578125 -2.32031 0.765625 0.59375 -2.32031
tri -0.828125 0.578125 -2.32031 -0.820312 0.585938 -2.27344 -0.757812 0.59375 -2.27344
tri -0.828125 0.578125 -2.32031 -0.757812 0.59375 -2.27344 -0.765625 0.59375 -2.32031
tri 0.820312 0.585938 -2.27344 0.84375 0.515625 -2.27344 0.851562 0.515625 -2.32031
tri 0.820312 0.585938 -2.27344 0.851562 0.515625 -2.32031 0.828125 0.578125 -2.32031
tri -0.851562 0.515625 -2.32031 -0.84375 0.515625 -2.27344 -0.820312 0.585938 -2.27344
tri -0.851562 0.515625 -2.32031 -0.820312 0.585938 -2.27344 -0.828125 0.578125 -2.32031
tri 0.84375 0.515625 -2.27344 0.8125 0.484375 -2.27344 0.8125 0.484375 -2.32031
tri 0.84375 0.515625 -2.27344 0.8125 0.484375 -2.32031 0.851562 0.515625 -2.32031
tri -0.8125 0.484375 -2.32031 -0.8125 0.484375 -2.27344 -0.84375 0.515625 -2.27344
tri -0.8125 0.484375 -2.32031 -0.84375 0.515625 -2.27344 -0.851562 0.515625 -2.32031
tri 0.8125 0.484375 -2.27344 0.882812 0.476562 -2.21094 0.882812 0.484375 -2.26562
tri 0.8125 0.484375 -2.27344 0.882812 0.484375 -2.26562 0.8125 0.484375 -2.32031
tri -0.882812 0.484375 -2.26562 -0.882812 0.476562 -2.21094 -0.8125 0.484375 -2.27344
tri -0.882812 0.484375 -2.26562 -0.8125 0.484375 -2.27344 -0.8125 0.484375 -2.32031
tri 1.02344 0.84375 -2.35938 0.945312 0.804688 -2.28906 0.953125 0.789062 -2.34375
tri 1.02344 0.84375 -2.35938 0.953125 0.789062 -2.34375 1.03906 0.828125 -2.41406
tri -0.953125 0.789062 -2.34375 -0.945312 0.804688 -2.28906 -1.02344 0.84375 -2.35938
tri -0.953125 0.789062 -2.34375 -1.02344 0.84375 -2.35938 -1.03906 0.828125 -2.41406
tri 1.17188 0.859375 -2.4375 1.02344 0.84375 -2.35938 1.03906 0.828125 -2.41406
tri 1.17188 0.859375 -2.4375 1.03906 0.828125 -2.41406 1.1875 0.84375 -2.48438
tri -1.03906 0.828125 -2.41406 -1.02344 0.84375 -2.35938 -1.17188 0.859375 -2.4375
tri -1.03906 0.828125 -2.41406 -1.17188 0.859375 -2.4375 -1.1875 0.84375 -2.48438
tri 1.23438 0.75 -2.44531 1.17188 0.859375 -2.4375 1.1875 0.84375 -2.48438
tri 1.23438 0.75 -2.44531 1.1875 0.84375 -2.48438 1.25781 0.742188 -2.49219
tri -1.1875 0.84375 -2.48438 -1.17188 0.859375 -2.4375 -1.23438 0.75 -2.44531
tri -1.1875 0.84375 -2.48438 -1.23438 0.75 -2.44531 -1.25781 0.742188 -2.49219
tri 1.1875 0.59375 -2.44531 1.23438 0.75 -2.44531 1.25781 0.742188 -2.49219
tri 1.1875 0.59375 -2.44531 1.25781 0.742188 -2.49219 1.21094 0.585938 -2.48438
tri -1.25781 0.742188 -2.49219 -1.23438 0.75 -2.44531 -1.1875 0.59375 -2.44531
tri -1.25781 0.742188 -2.49219 -1.1875 0.59375 -2.44531 -1.21094 0.585938 -2.48438
tri 1.03906 0.5 -2.36719 1.1875 0.59375 -2.44531 1.21094 0.585938 -2.48438
tri 1.03906 0.5 -2.36719 1.21094 0.585938 -2.48438 1.04688 0.5 -2.42188
tri -1.21094 0.585938 -2.48438 -1.1875 0.59375 -2.44531 -1.03906 0.5 -2.36719
tri -1.21094 0.585938 -2.48438 -1.03906 0.5 -2.36719 -1.04688 0.5 -2.42188
tri 0.882812 0.476562 -2.21094 1.03906 0.5 -2.36719 1.04688 0.5 -2.42188
tri 0.882812 0.476562 -2.21094 1.04688 0.5 -2.42188 0.882812 0.484375 -2.26562
tri -1.04688 0.5 -2.42188 -1.03906 0.5 -2.36719 -0.882812 0.476562 -2.21094
tri -1.04688 0.5 -2.42188 -0.882812 0.476562 -2.21094 -0.882812 0.484375 -2.26562
tri 0.828125 0.578125 -2.32031 0.851562 0.515625 -2.32031 0.9375 0.5625 -2.33594
tri 0.828125 0.578125 -2.32031 0.9375 0.5625 -2.33594 0.890625 0.609375 -2.32812
tri -0.9375 0.5625 -2.33594 -0.851562 0.515625 -2.32031 -0.828125 0.578125 -2.32031
tri -0.9375 0.5625 -2.33594 -0.828125 0.578125 -2.32031 -0.890625 0.609375 -2.32812
tri 0.890625 0.609375 -2.32812 0.9375 0.5625 -2.33594 1 0.625 -2.36719
tri 0.890625 0.609375 -2.32812 1 0.625 -2.36719 0.960938 0.671875 -2.35156
tri -1 0.625 -2.36719 -0.9375 0.5625 -2.33594 -0.890625 0.609375 -2.32812
tri -1 0.625 -2.36719 -0.890625 0.609375 -2.32812 -0.960938 0.671875 -2.35156
tri 0.960938 0.671875 -2.35156 1 0.625 -2.36719 1.05469 0.6875 -2.38281
tri 0.960938 0.671875 -2.35156 1.05469 0.6875 -2.38281 1.01562 0.734375 -2.375
tri -1.05469 0.6875 -2.38281 -1 0.625 -2.36719 -0.960938 0.671875 -2.35156
tri -1.05469 0.6875 -2.38281 -0.960938 0.671875 -2.35156 -1.01562 0.734375 -2.375
tri 1.01562 0.734375 -2.375 1.05469 0.6875 -2.38281 1.10938 0.710938 -2.39062
tri 1.01562 0.734375 -2.375 1.10938 0.710938 -2.39062 1.08594 0.773438 -2.39062
tri -1.10938 0.710938 -2.39062 -1.05469 0.6875 -2.38281 -1.01562 0.734375 -2.375
tri -1.10938 0.710938 -2.39062 -1.01562 0.734375 -2.375 -1.08594 0.773438 -2.39062
tri 1.03906 0.828125 -2.41406 0.953125 0.789062 -2.34375 1.01562 0.734375 -2.375
tri 1.03906 0.828125 -2.41406 1.01562 0.734375 -2.375 1.08594 0.773438 -2.39062
tri -1.01562 0.734375 -2.375 -0.953125 0.789062 -2.34375 -1.03906 0.828125 -2.41406
tri -1.01562 0.734375 -2.375 -1.03906 0.828125 -2.41406 -1.08594 0.773438 -2.39062
tri 0.890625 0.734375 -2.32031 0.960938 0.671875 -2.35156 1.01562 0.734375 -2.375
tri 0.890625 0.734375 -2.32031 1.01562 0.734375 -2.375 0.953125 0.789062 -2.34375
tri -1.01562 0.734375 -2.375 -0.960938 0.671875 -2.35156 -0.890625 0.734375 -2.32031
tri -1.01562 0.734375 -2.375 -0.890625 0.734375 -2.32031 -0.953125 0.789062 -2.34375
tri 0.890625 0.734375 -2.32031 0.84375 0.671875 -2.32031 0.890625 0.609375 -2.32812
tri 0.890625 0.734375 -2.32031 0.890625 0.609375 -2.32812 0.960938 0.671875 -2.35156
tri -0.890625 0.609375 -2.32812 -0.84375 0.671875 -2.32031 -0.890625 0.734375 -2.32031
tri -0.890625 0.609375 -2.32812 -0.890625 0.734375 -2.32031 -0.960938 0.671875 -2.35156
tri 0.828125 0.578125 -2.32031 0.890625 0.609375 -2.32812 0.84375 0.671875 -2.32031
tri 0.828125 0.578125 -2.32031 0.84375 0.671875 -2.32031 0.765625 0.59375 -2.32031
tri -0.84375 0.671875 -2.32031 -0.890625 0.609375 -2.32812 -0.828125 0.578125 -2.32031
tri -0.84375 0.671875 -2.32031 -0.828125 0.578125 -2.32031 -0.765625 0.59375 -2.32031
tri 0.8125 0.484375 -2.32031 0.882812 0.484375 -2.26562 0.9375 0.5625 -2.33594
tri 0.8125 0.484375 -2.32031 0.9375 0.5625 -2.33594 0.851562 0.515625 -2.32031
tri -0.9375 0.5625 -2.33594 -0.882812 0.484375 -2.26562 -0.8125 0.484375 -2.32031
tri -0.9375 0.5625 -2.33594 -0.8125 0.484375 -2.32031 -0.851562 0.515625 -2.32031
tri 1.04688 0.5 -2.42188 1 0.625 -2.36719 0.9375 0.5625 -2.33594
tri 1.04688 0.5 -2.42188 0.9375 0.5625 -2.33594 0.882812 0.484375 -2.26562
tri -0.9375 0.5625 -2.33594 -1 0.625 -2.36719 -1.04688 0.5 -2.42188
tri -0.9375 0.5625 -2.33594 -1.04688 0.5 -2.42188 -0.882812 0.484375 -2.26562
tri 1.21094 0.585938 -2.48438 1.05469 0.6875 -2.38281 1 0.625 -2.36719
tri 1.21094 0.585938 -2.48438 1 0.625 -2.36719 1.04688 0.5 -2.42188
tri -1 0.625 -2.36719 -1.05469 0.6875 -2.38281 -1.21094 0.585938 -2.48438
tri -1 0.625 -2.36719 -1.21094 0.585938 -2.48438 -1.04688 0.5 -2.42188
tri 1.25781 0.742188 -2.49219 1.10938 0.710938 -2.39062 1.05469 0.6875 -2.38281
tri 1.25781 0.742188 -2.49219 1.05469 0.6875 -2.38281 1.21094 0.585938 -2.48438
tri -1.05469 0.6875 -2.38281 -1.10938 0.710938 -2.39062 -1.25781 0.742188 -2.49219
tri -1.05469 0.6875 -2.38281 -1.25781 0.742188 -2.49219 -1.21094 0.585938 -2.48438
tri 1.1875 0.84375 -2.48438 1.08594 0.773438 -2.39062 1.10938 0.710938 -2.39062
tri 1.1875 0.84375 -2.48438 1.10938 0.710938 -2.39062 1.25781 0.742188 -2.49219
tri -1.10938 0.710938 -2.39062 -1.08594 0.773438 -2.39062 -1.1875 0.84375 -2.48438
tri -1.10938 0.710938 -2.39062 -1.1875 0.84375 -2.48438 -1.25781 0.742188 -2.49219
tri 1.03906 0.828125 -2.41406 1.08594 0.773438 -2.39062 1.1875 0.84375 -2.48438
tri -1.1875 0.84375 -2.48438 -1.08594 0.773438 -2.39062 -1.03906 0.828125 -2.41406
tri 1.03906 0.398438 -2.32812 0.773438 0.359375 -2.125 0.789062 0.375 -2.32812
tri 1.03906 0.398438 -2.32812 0.789062 0.375 -2.32812 1.03906 0.414062 -2.49219
tri -0.789062 0.375 -2.32812 -0.773438 0.359375 -2.125 -1.03906 0.398438 -2.32812
tri -0.789062 0.375 -2.32812 -1.03906 0.398438 -2.32812 -1.03906 0.414062 -2.49219
tri 1.28125 0.554688 -2.42969 1.03906 0.398438 -2.32812 1.03906 0.414062 -2.49219
tri 1.28125 0.554688 -2.42969 1.03906 0.414062 -2.49219 1.3125 0.554688 -2.53125
tri -1.03906 0.414062 -2.49219 -1.03906 0.398438 -2.32812 -1.28125 0.554688 -2.42969
tri -1.03906 0.414062 -2.49219 -1.28125 0.554688 -2.42969 -1.3125 0.554688 -2.53125
tri 1.35156 0.820312 -2.42188 1.28125 0.554688 -2.42969 1.3125 0.554688 -2.53125
tri 1.35156 0.820312 -2.42188 1.3125 0.554688 -2.53125 1.36719 0.796875 -2.5
tri -1.3125 0.554688 -2.53125 -1.28125 0.554688 -2.42969 -1.35156 0.820312 -2.42188
tri -1.3125 0.554688 -2.53125 -1.35156 0.820312 -2.42188 -1.36719 0.796875 -2.5
tri 1.23438 1.00781 -2.42188 1.35156 0.820312 -2.42188 1.36719 0.796875 -2.5
tri 1.23438 1.00781 -2.42188 1.36719 0.796875 -2.5 1.25 0.96875 -2.54688
tri -1.36719 0.796875 -2.5 -1.35156 0.820312 -2.42188 -1.23438 1.00781 -2.42188
tri -1.36719 0.796875 -2.5 -1.23438 1.00781 -2.42188 -1.25 0.96875 -2.54688
tri 1.02344 0.976562 -2.3125 1.23438 1.00781 -2.42188 1.25 0.96875 -2.54688
tri 1.02344 0.976562 -2.3125 1.25 0.96875 -2.54688 1.02344 0.9375 -2.48438
tri -1.25 0.96875 -2.54688 -1.23438 1.00781 -2.42188 -1.02344 0.976562 -2.3125
tri -1.25 0.96875 -2.54688 -1.02344 0.976562 -2.3125 -1.02344 0.9375 -2.48438
tri 0.890625 0.90625 -2.23438 1.02344 0.976562 -2.3125 1.02344 0.9375 -2.48438
tri 0.890625 0.90625 -2.23438 1.02344 0.9375 -2.48438 0.859375 0.882812 -2.38281
tri -1.02344 0.9375 -2.48438 -1.02344 0.976562 -2.3125 -0.890625 0.90625 -2.23438
tri -1.02344 0.9375 -2.48438 -0.890625 0.90625 -2.23438 -0.859375 0.882812 -2.38281
tri 1.02344 0.9375 -2.48438 1.03906 0.414062 -2.49219 0.789062 0.375 -2.32812
tri 1.02344 0.9375 -2.48438 0.789062 0.375 -2.32812 0.859375 0.882812 -2.38281
tri -0.789062 0.375 -2.32812 -1.03906 0.414062 -2.49219 -1.02344 0.9375 -2.48438
tri -0.789062 0.375 -2.32812 -1.02344 0.9375 -2.48438 -0.859375 0.882812 -2.38281
tri 1.02344 0.9375 -2.48438 1.25 0.96875 -2.54688 1.3125 0.554688 -2.53125
tri 1.02344 0.9375 -2.48438 1.3125 0.554688 -2.53125 1.03906 0.414062 -2.49219
tri -1.3125 0.554688 -2.53125 -1.25 0.96875 -2.54688 -1.02344 0.9375 -2.48438
tri -1.3125 0.554688 -2.53125 -1.02344 0.9375 -2.48438 -1.03906 0.414062 -2.49219
tri 1.25 0.96875 -2.54688 1.36719 0.796875 -2.5 1.3125 0.554688 -2.53125
tri -1.3125 0.554688 -2.53125 -1.36719 0.796875 -2.5 -1.25 0.96875 -2.54688
tri 0.773438 0.765625 -2.4375 0.820312 0.828125 -2.20312 0.890625 0.90625 -2.23438
tri 0.773438 0.765625 -2.4375 0.890625 0.90625 -2.23438 0.859375 0.882812 -2.38281
tri -0.890625 0.90625 -2.23438 -0.820312 0.828125 -2.20312 -0.773438 0.765625 -2.4375
tri -0.890625 0.90625 -2.23438 -0.773438 0.765625 -2.4375 -0.859375 0.882812 -2.38281
tri 0.773438 0.765625 -2.4375 0.859375 0.882812 -2.38281 0.789062 0.375 -2.32812
tri 0.773438 0.765625 -2.4375 0.789062 0.375 -2.32812 0.640625 0.492188 -2.42969
tri -0.789062 0.375 -2.32812 -0.859375 0.882812 -2.38281 -0.773438 0.765625 -2.4375
tri -0.789062 0.375 -2.32812 -0.773438 0.765625 -2.4375 -0.640625 0.492188 -2.42969
tri 0.59375 0.375 -2.16406 0.640625 0.492188 -2.42969 0.789062 0.375 -2.32812
tri 0.59375 0.375 -2.16406 0.789062 0.375 -2.32812 0.773438 0.359375 -2.125
tri -0.789062 0.375 -2.32812 -0.640625 0.492188 -2.42969 -0.59375 0.375 -2.16406
tri -0.789062 0.375 -2.32812 -0.59375 0.375 -2.16406 -0.773438 0.359375 -2.125
